Zeit / s	Temperatur / °C
6,770000E-1	3,107749E+1
1,677000E+0	3,106546E+1
2,677000E+0	3,108716E+1
3,677000E+0	3,111495E+1
4,677000E+0	3,110348E+1
5,677000E+0	3,111571E+1
6,677000E+0	3,108319E+1
7,677000E+0	3,107275E+1
8,677000E+0	3,106975E+1
9,677000E+0	3,107019E+1
1,067700E+1	3,109690E+1
1,167700E+1	3,108183E+1
1,267700E+1	3,107007E+1
1,367700E+1	3,106644E+1
1,467700E+1	3,106499E+1
1,567700E+1	3,109012E+1
1,667700E+1	3,109727E+1
1,767700E+1	3,109089E+1
1,867700E+1	3,109926E+1
1,967700E+1	3,112026E+1
2,067700E+1	3,110228E+1
2,167700E+1	3,108468E+1
2,267700E+1	3,107810E+1
2,367700E+1	3,104544E+1
2,467700E+1	3,108078E+1
2,567700E+1	3,107122E+1
2,667700E+1	3,104762E+1
2,767700E+1	3,107905E+1
2,867700E+1	3,108836E+1
2,967700E+1	3,107992E+1
3,067700E+1	3,104138E+1
3,167700E+1	3,106881E+1
3,267700E+1	3,105952E+1
3,367700E+1	3,105548E+1
3,467700E+1	3,107752E+1
3,567700E+1	3,109497E+1
3,667700E+1	3,104256E+1
3,767700E+1	3,104281E+1
3,867700E+1	3,105916E+1
3,967700E+1	3,104078E+1
4,067700E+1	3,108106E+1
4,167700E+1	3,108958E+1
4,267700E+1	3,106094E+1
4,367700E+1	3,105065E+1
4,467700E+1	3,100807E+1
4,567700E+1	3,104522E+1
4,667700E+1	3,106266E+1
4,767700E+1	3,105486E+1
4,867700E+1	3,104289E+1
4,967700E+1	3,101912E+1
5,067700E+1	3,103697E+1
5,167700E+1	3,109486E+1
5,267700E+1	3,109004E+1
5,367700E+1	3,110657E+1
5,467700E+1	3,109946E+1
5,567700E+1	3,109759E+1
5,667700E+1	3,106620E+1
5,767700E+1	3,105471E+1
5,867700E+1	3,105456E+1
5,967700E+1	3,103210E+1
6,067700E+1	3,103975E+1
6,167700E+1	3,101606E+1
6,267700E+1	3,102221E+1
6,367700E+1	3,105057E+1
6,467700E+1	3,103074E+1
6,567700E+1	3,102132E+1
6,667700E+1	3,102259E+1
6,767700E+1	3,100956E+1
6,867700E+1	3,099766E+1
6,967700E+1	3,096378E+1
7,067700E+1	3,102469E+1
7,167700E+1	3,105347E+1
7,267700E+1	3,101986E+1
7,367700E+1	3,102592E+1
7,467700E+1	3,103534E+1
7,567700E+1	3,103246E+1
7,667700E+1	3,105772E+1
7,767700E+1	3,105780E+1
7,867700E+1	3,105032E+1
7,967700E+1	3,102570E+1
8,067700E+1	3,102481E+1
8,167700E+1	3,103656E+1
8,267700E+1	3,099029E+1
8,367700E+1	3,096254E+1
8,467700E+1	3,101772E+1
8,567700E+1	3,100977E+1
8,667700E+1	3,100919E+1
8,767700E+1	3,102532E+1
8,867700E+1	3,103074E+1
8,967700E+1	3,103669E+1
9,067700E+1	3,103252E+1
9,167700E+1	3,102854E+1
9,267700E+1	3,102816E+1
9,367700E+1	3,100354E+1
9,467700E+1	3,103497E+1
9,567700E+1	3,100348E+1
9,667700E+1	3,100045E+1
9,767700E+1	3,097788E+1
9,867700E+1	3,096286E+1
9,967700E+1	3,096555E+1
1,006770E+2	3,097049E+1
1,016770E+2	3,097365E+1
1,026770E+2	3,096565E+1
1,036770E+2	3,096434E+1
1,046770E+2	3,097247E+1
1,056770E+2	3,099632E+1
1,066770E+2	3,099479E+1
1,076770E+2	3,104880E+1
1,086770E+2	3,104988E+1
1,096770E+2	3,103544E+1
1,106770E+2	3,098803E+1
1,116770E+2	3,098578E+1
1,126770E+2	3,101081E+1
1,136770E+2	3,103062E+1
1,146770E+2	3,099930E+1
1,156770E+2	3,098886E+1
1,166770E+2	3,099662E+1
1,176770E+2	3,097746E+1
1,186770E+2	3,097513E+1
1,196770E+2	3,095816E+1
1,206770E+2	3,095940E+1
1,216770E+2	3,098670E+1
1,226770E+2	3,097893E+1
1,236770E+2	3,098435E+1
1,246770E+2	3,096209E+1
1,256770E+2	3,094442E+1
1,266770E+2	3,096038E+1
1,276770E+2	3,098347E+1
1,286770E+2	3,098485E+1
1,296770E+2	3,099401E+1
1,306770E+2	3,098870E+1
1,316770E+2	3,099724E+1
1,326770E+2	3,100370E+1
1,336770E+2	3,101558E+1
1,346770E+2	3,098392E+1
1,356770E+2	3,096752E+1
1,366770E+2	3,099284E+1
1,376770E+2	3,097498E+1
1,386770E+2	3,099024E+1
1,396770E+2	3,098063E+1
1,406770E+2	3,097868E+1
1,416770E+2	3,101512E+1
1,426770E+2	3,100744E+1
1,436770E+2	3,101563E+1
1,446770E+2	3,100180E+1
1,456770E+2	3,104445E+1
1,466770E+2	3,102435E+1
1,476770E+2	3,105916E+1
1,486770E+2	3,106016E+1
1,496770E+2	3,106277E+1
1,506770E+2	3,100530E+1
1,516770E+2	3,095479E+1
1,526770E+2	3,095788E+1
1,536770E+2	3,082724E+1
1,546770E+2	2,984116E+1
1,556770E+2	5,550363E+1
1,566770E+2	6,156116E+1
1,576770E+2	6,288551E+1
1,586770E+2	6,289848E+1
1,596770E+2	6,288419E+1
1,606770E+2	6,285128E+1
1,616770E+2	6,282496E+1
1,626770E+2	6,281272E+1
1,636770E+2	6,276762E+1
1,646770E+2	6,276258E+1
1,656770E+2	6,278415E+1
1,666770E+2	6,277764E+1
1,676770E+2	6,276851E+1
1,686770E+2	6,273659E+1
1,696770E+2	6,275847E+1
1,706770E+2	6,271065E+1
1,716770E+2	6,268301E+1
1,726770E+2	6,270853E+1
1,736770E+2	6,269683E+1
1,746770E+2	6,269740E+1
1,756770E+2	6,267449E+1
1,766770E+2	6,268034E+1
1,776770E+2	6,267375E+1
1,786770E+2	6,256774E+1
1,796770E+2	6,251397E+1
1,806770E+2	6,251167E+1
1,816770E+2	6,250966E+1
1,826770E+2	6,254313E+1
1,836770E+2	6,250348E+1
1,846770E+2	6,246001E+1
1,856770E+2	6,245378E+1
1,866770E+2	6,243399E+1
1,876770E+2	6,246990E+1
1,886770E+2	6,248104E+1
1,896770E+2	6,250136E+1
1,906770E+2	6,247227E+1
1,916770E+2	6,243488E+1
1,926770E+2	6,242422E+1
1,936770E+2	6,240455E+1
1,946770E+2	6,236993E+1
1,956770E+2	6,238061E+1
1,966770E+2	6,238080E+1
1,976770E+2	6,239127E+1
1,986770E+2	6,236552E+1
1,996770E+2	6,234233E+1
2,006770E+2	6,238149E+1
2,016770E+2	6,236486E+1
2,026770E+2	6,231906E+1
2,036770E+2	6,224510E+1
2,046770E+2	6,223675E+1
2,056770E+2	6,224579E+1
2,066770E+2	6,223573E+1
2,076770E+2	6,224356E+1
2,086770E+2	6,224169E+1
2,096770E+2	6,222447E+1
2,106770E+2	6,218373E+1
2,116770E+2	5,911297E+1
2,126770E+2	4,851538E+1
2,136770E+2	4,247999E+1
2,146770E+2	3,810725E+1
2,156770E+2	3,422529E+1
2,166770E+2	3,195330E+1
2,176770E+2	3,177211E+1
2,186770E+2	3,162383E+1
2,196770E+2	3,155013E+1
2,206770E+2	3,147828E+1
2,216770E+2	3,141535E+1
2,226770E+2	3,136610E+1
2,236770E+2	3,133016E+1
2,246770E+2	3,128091E+1
2,256770E+2	3,123334E+1
2,266770E+2	3,122249E+1
2,276770E+2	3,123335E+1
2,286770E+2	3,123601E+1
2,296770E+2	3,119747E+1
2,306770E+2	3,121795E+1
2,316770E+2	3,118018E+1
2,326770E+2	3,115606E+1
2,336770E+2	3,113431E+1
2,346770E+2	3,113178E+1
2,356770E+2	3,111936E+1
2,366770E+2	3,109514E+1
2,376770E+2	3,108110E+1
2,386770E+2	3,107956E+1
2,396770E+2	3,108790E+1
2,406770E+2	3,106542E+1
2,416770E+2	3,105376E+1
2,426770E+2	3,104313E+1
2,436770E+2	3,103419E+1
2,446770E+2	3,100833E+1
2,456770E+2	3,094797E+1
2,466770E+2	3,091030E+1
2,476770E+2	3,092773E+1
2,486770E+2	3,089975E+1
2,496770E+2	3,088787E+1
2,506770E+2	3,091865E+1
2,516770E+2	3,088059E+1
2,526770E+2	3,088856E+1
2,536770E+2	3,086102E+1
2,546770E+2	3,088033E+1
2,556770E+2	3,088437E+1
2,566770E+2	3,088116E+1
2,576770E+2	3,090855E+1
2,586770E+2	3,086815E+1
2,596770E+2	3,088430E+1
2,606770E+2	3,086622E+1
2,616770E+2	3,086539E+1
2,626770E+2	3,088251E+1
2,636770E+2	3,088251E+1
2,646770E+2	3,085894E+1
2,656770E+2	3,088730E+1
2,666770E+2	3,087987E+1
2,676770E+2	3,087471E+1
2,686770E+2	3,084062E+1
2,696770E+2	3,086147E+1
2,706770E+2	3,088499E+1
2,716770E+2	3,086747E+1
2,726770E+2	3,084244E+1
2,736770E+2	3,083788E+1
2,746770E+2	3,089429E+1
2,756770E+2	3,086802E+1
2,766770E+2	3,089811E+1
2,776770E+2	3,095062E+1
2,786770E+2	3,061011E+1
2,796770E+2	2,808908E+1
2,806770E+2	4,094962E+1
2,816770E+2	5,801412E+1
2,826770E+2	6,095178E+1
2,836770E+2	6,106026E+1
2,846770E+2	6,106297E+1
2,856770E+2	6,104936E+1
2,866770E+2	6,101505E+1
2,876770E+2	6,095709E+1
2,886770E+2	6,095440E+1
2,896770E+2	6,092201E+1
2,906770E+2	6,089897E+1
2,916770E+2	6,090765E+1
2,926770E+2	6,089302E+1
2,936770E+2	6,092091E+1
2,946770E+2	6,089586E+1
2,956770E+2	6,088372E+1
2,966770E+2	6,088888E+1
2,976770E+2	6,087953E+1
2,986770E+2	6,086219E+1
2,996770E+2	6,083915E+1
3,006770E+2	6,079700E+1
3,016770E+2	6,078106E+1
3,026770E+2	6,075543E+1
3,036770E+2	6,077714E+1
3,046770E+2	6,074887E+1
3,056770E+2	6,077327E+1
3,066770E+2	6,074822E+1
3,076770E+2	6,076712E+1
3,086770E+2	6,076631E+1
3,096770E+2	6,074797E+1
3,106770E+2	6,069154E+1
3,116770E+2	6,063117E+1
3,126770E+2	6,063864E+1
3,136770E+2	6,068989E+1
3,146770E+2	6,068234E+1
3,156770E+2	6,066041E+1
3,166770E+2	6,069345E+1
3,176770E+2	6,064748E+1
3,186770E+2	6,061466E+1
3,196770E+2	6,057476E+1
3,206770E+2	6,056709E+1
3,216770E+2	6,058416E+1
3,226770E+2	6,057861E+1
3,236770E+2	6,055183E+1
3,246770E+2	6,052942E+1
3,256770E+2	6,052755E+1
3,266770E+2	6,051798E+1
3,276770E+2	6,048238E+1
3,286770E+2	6,048142E+1
3,296770E+2	6,046235E+1
3,306770E+2	6,044981E+1
3,316770E+2	6,041605E+1
3,326770E+2	6,040579E+1
3,336770E+2	6,039439E+1
3,346770E+2	6,038932E+1
3,356770E+2	5,924720E+1
3,366770E+2	5,131042E+1
3,376770E+2	4,298814E+1
3,386770E+2	3,513611E+1
3,396770E+2	3,252494E+1
3,406770E+2	3,218569E+1
3,416770E+2	3,194196E+1
3,426770E+2	3,176176E+1
3,436770E+2	3,163875E+1
3,446770E+2	3,154988E+1
3,456770E+2	3,147431E+1
3,466770E+2	3,138597E+1
3,476770E+2	3,131975E+1
3,486770E+2	3,130263E+1
3,496770E+2	3,126276E+1
3,506770E+2	3,121548E+1
3,516770E+2	3,120277E+1
3,526770E+2	3,119645E+1
3,536770E+2	3,114135E+1
3,546770E+2	3,117262E+1
3,556770E+2	3,115181E+1
3,566770E+2	3,112631E+1
3,576770E+2	3,110609E+1
3,586770E+2	3,107198E+1
3,596770E+2	3,106116E+1
3,606770E+2	3,106652E+1
3,616770E+2	3,106724E+1
3,626770E+2	3,099942E+1
3,636770E+2	3,095261E+1
3,646770E+2	3,091926E+1
3,656770E+2	3,090261E+1
3,666770E+2	3,092745E+1
3,676770E+2	3,089369E+1
3,686770E+2	3,091143E+1
3,696770E+2	3,091406E+1
3,706770E+2	3,091659E+1
3,716770E+2	3,090500E+1
3,726770E+2	3,095827E+1
3,736770E+2	3,092346E+1
3,746770E+2	3,090893E+1
3,756770E+2	3,089487E+1
3,766770E+2	3,089369E+1
3,776770E+2	3,090859E+1
3,786770E+2	3,094285E+1
3,796770E+2	3,091639E+1
3,806770E+2	3,091082E+1
3,816770E+2	3,090956E+1
3,826770E+2	3,091132E+1
3,836770E+2	3,095071E+1
3,846770E+2	3,090494E+1
3,856770E+2	3,087404E+1
3,866770E+2	3,091435E+1
3,876770E+2	3,089703E+1
3,886770E+2	3,086898E+1
3,896770E+2	3,089205E+1
3,906770E+2	3,090358E+1
3,916770E+2	3,091929E+1
3,926770E+2	3,088953E+1
3,936770E+2	3,087996E+1
3,946770E+2	3,090052E+1
3,956770E+2	3,090123E+1
3,966770E+2	3,091141E+1
3,976770E+2	3,090299E+1
3,986770E+2	3,095930E+1
3,996770E+2	3,096172E+1
4,006770E+2	3,096406E+1
4,016770E+2	3,096475E+1
4,026770E+2	3,095887E+1
4,036770E+2	3,092279E+1
4,046770E+2	3,092107E+1
4,056770E+2	3,089116E+1
4,066770E+2	3,089219E+1
4,076770E+2	3,089356E+1
4,086770E+2	3,083181E+1
4,096770E+2	3,095680E+1
4,106770E+2	3,089707E+1
4,116770E+2	3,024011E+1
4,126770E+2	2,912759E+1
4,136770E+2	2,721030E+1
4,146770E+2	2,583181E+1
4,156770E+2	2,593121E+1
4,166770E+2	2,922457E+1
4,176770E+2	3,064048E+1
4,186770E+2	3,118895E+1
4,196770E+2	3,132109E+1
4,206770E+2	3,157170E+1
4,216770E+2	3,152769E+1
4,226770E+2	3,148018E+1
4,236770E+2	3,149021E+1
4,246770E+2	3,154487E+1
4,256770E+2	3,171500E+1
4,266770E+2	3,192288E+1
4,276770E+2	3,210157E+1
4,286770E+2	3,222117E+1
4,296770E+2	3,229713E+1
4,306770E+2	3,235743E+1
4,316770E+2	3,237551E+1
4,326770E+2	3,246763E+1
4,336770E+2	3,255581E+1
4,346770E+2	3,256333E+1
4,356770E+2	3,260571E+1
4,366770E+2	3,266150E+1
4,376770E+2	3,265882E+1
4,386770E+2	3,268647E+1
4,396770E+2	3,269712E+1
4,406770E+2	3,268882E+1
4,416770E+2	3,271039E+1
4,426770E+2	3,275171E+1
4,436770E+2	3,275563E+1
4,446770E+2	3,276031E+1
4,456770E+2	3,280997E+1
4,466770E+2	3,282330E+1
4,476770E+2	3,282040E+1
4,486770E+2	3,282518E+1
4,496770E+2	3,281179E+1
4,506770E+2	3,279063E+1
4,516770E+2	3,277505E+1
4,526770E+2	3,279317E+1
4,536770E+2	3,278367E+1
4,546770E+2	3,282576E+1
4,556770E+2	3,282158E+1
4,566770E+2	3,279949E+1
4,576770E+2	3,277834E+1
4,586770E+2	3,276888E+1
4,596770E+2	3,279870E+1
4,606770E+2	3,281576E+1
4,616770E+2	3,278310E+1
4,626770E+2	3,274669E+1
4,636770E+2	3,276397E+1
4,646770E+2	3,277932E+1
4,656770E+2	3,276946E+1
4,666770E+2	3,278513E+1
4,676770E+2	3,280802E+1
4,686770E+2	3,281179E+1
4,696770E+2	3,278399E+1
4,706770E+2	3,276792E+1
4,716770E+2	3,278799E+1
4,726770E+2	3,277520E+1
4,736770E+2	3,280092E+1
4,746770E+2	3,278636E+1
4,756770E+2	3,278759E+1
4,766770E+2	3,277293E+1
4,776770E+2	3,281626E+1
4,786770E+2	3,283292E+1
4,796770E+2	3,285746E+1
4,806770E+2	3,284441E+1
4,816770E+2	3,286809E+1
4,826770E+2	3,281136E+1
4,836770E+2	3,280920E+1
4,846770E+2	3,280081E+1
4,856770E+2	3,281332E+1
4,866770E+2	3,278079E+1
4,876770E+2	3,276298E+1
4,886770E+2	3,274755E+1
4,896770E+2	3,277673E+1
4,906770E+2	3,273925E+1
4,916770E+2	3,276413E+1
4,926770E+2	3,274710E+1
4,936770E+2	3,271937E+1
4,946770E+2	3,271957E+1
4,956770E+2	3,271977E+1
4,966770E+2	3,273165E+1
4,976770E+2	3,274482E+1
4,986770E+2	3,273928E+1
4,996770E+2	3,270770E+1
5,006770E+2	3,273707E+1
5,016770E+2	3,275692E+1
5,026770E+2	3,274962E+1
5,036770E+2	3,273118E+1
5,046770E+2	3,272765E+1
5,056770E+2	3,270457E+1
5,066770E+2	3,269140E+1
5,076770E+2	3,268951E+1
5,086770E+2	3,268123E+1
5,096770E+2	3,267983E+1
5,106770E+2	3,267104E+1
5,116770E+2	3,268385E+1
5,126770E+2	3,265069E+1
5,136770E+2	3,266239E+1
5,146770E+2	3,263213E+1
5,156770E+2	3,263825E+1
5,166770E+2	3,263221E+1
5,176770E+2	3,266700E+1
5,186770E+2	3,265458E+1
5,196770E+2	3,269003E+1
5,206770E+2	3,272566E+1
5,216770E+2	3,272317E+1
5,226770E+2	3,269895E+1
5,236770E+2	3,269286E+1
5,246770E+2	3,268959E+1
5,256770E+2	3,271081E+1
5,266770E+2	3,270961E+1
5,276770E+2	3,271282E+1
5,286770E+2	3,271419E+1
5,296770E+2	3,270982E+1
5,306770E+2	3,268282E+1
5,316770E+2	3,265944E+1
5,326770E+2	3,265298E+1
5,336770E+2	3,264706E+1
5,346770E+2	3,262965E+1
5,356770E+2	3,268997E+1
5,366770E+2	3,267998E+1
5,376770E+2	3,269905E+1
5,386770E+2	3,270857E+1
5,396770E+2	3,266730E+1
5,406770E+2	3,264007E+1
5,416770E+2	3,267989E+1
5,426770E+2	3,264769E+1
5,436770E+2	3,268032E+1
5,446770E+2	3,269314E+1
5,456770E+2	3,265237E+1
5,466770E+2	3,260248E+1
5,476770E+2	3,261845E+1
5,486770E+2	3,261487E+1
5,496770E+2	3,262050E+1
5,506770E+2	3,262781E+1
5,516770E+2	3,259188E+1
5,526770E+2	3,263066E+1
5,536770E+2	3,260011E+1
5,546770E+2	3,261271E+1
5,556770E+2	3,260964E+1
5,566770E+2	3,257669E+1
5,576770E+2	3,259994E+1
5,586770E+2	3,260520E+1
5,596770E+2	3,261769E+1
5,606770E+2	3,264387E+1
5,616770E+2	3,264951E+1
5,626770E+2	3,262654E+1
5,636770E+2	3,261770E+1
5,646770E+2	3,262721E+1
5,656770E+2	3,264875E+1
5,666770E+2	3,262778E+1
5,676770E+2	3,264482E+1
5,686770E+2	3,262905E+1
5,696770E+2	3,262465E+1
5,706770E+2	3,261315E+1
5,716770E+2	3,260843E+1
5,726770E+2	3,261866E+1
5,736770E+2	3,261834E+1
5,746770E+2	3,260456E+1
5,756770E+2	3,263483E+1
5,766770E+2	3,261488E+1
5,776770E+2	3,262769E+1
5,786770E+2	3,265090E+1
5,796770E+2	3,265784E+1
5,806770E+2	3,263579E+1
5,816770E+2	3,261621E+1
5,826770E+2	3,258257E+1
5,836770E+2	3,259386E+1
5,846770E+2	3,260452E+1
5,856770E+2	3,258072E+1
5,866770E+2	3,259745E+1
5,876770E+2	3,258958E+1
5,886770E+2	3,259672E+1
5,896770E+2	3,257017E+1
5,906770E+2	3,255495E+1
5,916770E+2	3,256948E+1
5,926770E+2	3,256914E+1
5,936770E+2	3,257703E+1
5,946770E+2	3,259541E+1
5,956770E+2	3,260810E+1
5,966770E+2	3,260418E+1
5,976770E+2	3,254417E+1
5,986770E+2	3,252788E+1
5,996770E+2	3,256562E+1
6,006770E+2	3,253907E+1
6,016770E+2	3,252516E+1
6,026770E+2	3,257908E+1
6,036770E+2	3,253188E+1
6,046770E+2	3,252655E+1
6,056770E+2	3,253091E+1
6,066770E+2	3,252078E+1
6,076770E+2	3,252304E+1
6,086770E+2	3,250080E+1
6,096770E+2	3,248802E+1
6,106770E+2	3,248902E+1
6,116770E+2	3,247565E+1
6,126770E+2	3,253708E+1
6,136770E+2	3,250336E+1
6,146770E+2	3,251562E+1
6,156770E+2	3,253173E+1
6,166770E+2	3,253893E+1
6,176770E+2	3,252030E+1
6,186770E+2	3,253096E+1
6,196770E+2	3,253172E+1
6,206770E+2	3,251015E+1
6,216770E+2	3,250333E+1
6,226770E+2	3,250672E+1
6,236770E+2	3,252547E+1
6,246770E+2	3,252272E+1
6,256770E+2	3,251152E+1
6,266770E+2	3,254635E+1
6,276770E+2	3,253617E+1
6,286770E+2	3,253533E+1
6,296770E+2	3,252346E+1
6,306770E+2	3,257150E+1
6,316770E+2	3,251818E+1
6,326770E+2	3,250096E+1
6,336770E+2	3,250727E+1
6,346770E+2	3,252217E+1
6,356770E+2	3,248421E+1
6,366770E+2	3,249860E+1
6,376770E+2	3,245160E+1
6,386770E+2	3,247347E+1
6,396770E+2	3,250814E+1
6,406770E+2	3,247166E+1
6,416770E+2	3,248141E+1
6,426770E+2	3,251734E+1
6,436770E+2	3,250035E+1
6,446770E+2	3,255570E+1
6,456770E+2	3,251484E+1
6,466770E+2	3,252669E+1
6,476770E+2	3,254666E+1
6,486770E+2	3,249370E+1
6,496770E+2	3,249458E+1
6,506770E+2	3,248272E+1
6,516770E+2	3,246951E+1
6,526770E+2	3,248525E+1
6,536770E+2	3,248249E+1
6,546770E+2	3,248485E+1
6,556770E+2	3,250169E+1
6,566770E+2	3,250463E+1
6,576770E+2	3,248012E+1
6,586770E+2	3,247391E+1
6,596770E+2	3,247003E+1
6,606770E+2	3,243111E+1
6,616770E+2	3,249979E+1
6,626770E+2	3,249992E+1
6,636770E+2	3,247810E+1
6,646770E+2	3,249405E+1
6,656770E+2	3,248290E+1
6,666770E+2	3,249697E+1
6,676770E+2	3,249251E+1
6,686770E+2	3,249710E+1
6,696770E+2	3,250584E+1
6,706770E+2	3,252907E+1
6,716770E+2	3,249626E+1
6,726770E+2	3,251207E+1
6,736770E+2	3,250924E+1
6,746770E+2	3,250921E+1
6,756770E+2	3,252531E+1
6,766770E+2	3,251948E+1
6,776770E+2	3,250161E+1
6,786770E+2	3,248790E+1
6,796770E+2	3,246918E+1
6,806770E+2	3,249012E+1
6,816770E+2	3,252360E+1
6,826770E+2	3,251749E+1
6,836770E+2	3,248935E+1
6,846770E+2	3,246381E+1
6,856770E+2	3,247146E+1
6,866770E+2	3,246038E+1
6,876770E+2	3,245528E+1
6,886770E+2	3,245008E+1
6,896770E+2	3,246690E+1
6,906770E+2	3,246689E+1
6,916770E+2	3,248990E+1
6,926770E+2	3,247473E+1
6,936770E+2	3,244730E+1
6,946770E+2	3,244093E+1
6,956770E+2	3,239047E+1
6,966770E+2	3,237761E+1
6,976770E+2	3,239885E+1
6,986770E+2	3,240991E+1
6,996770E+2	3,241651E+1
7,006770E+2	3,240509E+1
7,016770E+2	3,240770E+1
7,026770E+2	3,244007E+1
7,036770E+2	3,243999E+1
7,046770E+2	3,241521E+1
7,056770E+2	3,241006E+1
7,066770E+2	3,242980E+1
7,076770E+2	3,240984E+1
7,086770E+2	3,241608E+1
7,096770E+2	3,242488E+1
7,106770E+2	3,241878E+1
7,116770E+2	3,241386E+1
7,126770E+2	3,240935E+1
7,136770E+2	3,240706E+1
7,146770E+2	3,242873E+1
7,156770E+2	3,240388E+1
7,166770E+2	3,241332E+1
7,176770E+2	3,239449E+1
7,186770E+2	3,240381E+1
7,196770E+2	3,237911E+1
7,206770E+2	3,237785E+1
7,216770E+2	3,238477E+1
7,226770E+2	3,240910E+1
7,236770E+2	3,238253E+1
7,246770E+2	3,237695E+1
7,256770E+2	3,236852E+1
