Zeit / s	Temperatur / °C
8,150000E-1	2,124094E+1
1,815000E+0	2,125249E+1
2,815000E+0	2,123055E+1
3,815000E+0	2,127353E+1
4,815000E+0	2,126004E+1
5,815000E+0	2,122600E+1
6,815000E+0	2,133281E+1
7,815000E+0	2,142557E+1
8,815000E+0	2,143255E+1
9,815000E+0	2,143516E+1
1,081500E+1	2,142193E+1
1,181500E+1	2,145137E+1
1,281500E+1	2,146139E+1
1,381500E+1	2,142482E+1
1,481500E+1	2,146473E+1
1,581500E+1	2,143244E+1
1,681500E+1	2,144299E+1
1,781500E+1	2,144375E+1
1,881500E+1	2,148131E+1
1,981500E+1	2,147930E+1
2,081500E+1	2,147812E+1
2,181500E+1	2,151569E+1
2,281500E+1	2,147564E+1
2,381500E+1	2,148096E+1
2,481500E+1	2,149689E+1
2,581500E+1	2,151088E+1
2,681500E+1	2,152879E+1
2,781500E+1	2,154435E+1
2,881500E+1	2,156276E+1
2,981500E+1	2,155424E+1
3,081500E+1	2,157361E+1
3,181500E+1	2,157374E+1
3,281500E+1	2,152588E+1
3,381500E+1	2,151554E+1
3,481500E+1	2,154270E+1
3,581500E+1	2,156996E+1
3,681500E+1	2,156048E+1
3,781500E+1	2,156668E+1
3,881500E+1	2,155950E+1
3,981500E+1	2,159475E+1
4,081500E+1	2,158344E+1
4,181500E+1	2,156751E+1
4,281500E+1	2,158204E+1
4,381500E+1	2,159435E+1
4,481500E+1	2,157015E+1
4,581500E+1	2,156461E+1
4,681500E+1	2,157115E+1
4,781500E+1	2,158763E+1
4,881500E+1	2,161573E+1
4,981500E+1	2,159404E+1
5,081500E+1	2,157335E+1
5,181500E+1	2,154744E+1
5,281500E+1	2,154607E+1
5,381500E+1	2,156647E+1
5,481500E+1	2,158084E+1
5,581500E+1	2,157776E+1
5,681500E+1	2,160933E+1
5,781500E+1	2,161885E+1
5,881500E+1	2,161876E+1
5,981500E+1	2,157246E+1
6,081500E+1	2,159238E+1
6,181500E+1	2,158166E+1
6,281500E+1	2,158922E+1
6,381500E+1	2,157487E+1
6,481500E+1	2,157829E+1
6,581500E+1	2,157892E+1
6,681500E+1	2,159854E+1
6,781500E+1	2,161272E+1
6,881500E+1	2,157729E+1
6,981500E+1	2,157961E+1
7,081500E+1	2,161318E+1
7,181500E+1	2,158723E+1
7,281500E+1	2,159699E+1
7,381500E+1	2,161746E+1
7,481500E+1	2,159142E+1
7,581500E+1	2,781935E+1
7,681500E+1	3,105234E+1
7,781500E+1	6,616731E+1
7,881500E+1	9,110951E+1
7,981500E+1	9,181875E+1
8,081500E+1	9,179453E+1
8,181500E+1	9,178912E+1
8,281500E+1	9,181152E+1
8,381500E+1	9,165817E+1
8,481500E+1	9,164461E+1
8,581500E+1	9,165728E+1
8,681500E+1	9,168116E+1
8,781500E+1	9,174153E+1
8,881500E+1	9,172086E+1
8,981500E+1	9,173059E+1
9,081500E+1	9,177540E+1
9,181500E+1	9,174288E+1
9,281500E+1	9,177958E+1
9,381500E+1	9,184853E+1
9,481500E+1	9,182171E+1
9,581500E+1	9,183470E+1
9,681500E+1	9,185655E+1
9,781500E+1	9,185370E+1
9,881500E+1	9,187955E+1
9,981500E+1	9,190748E+1
1,008150E+2	9,185676E+1
1,018150E+2	9,219338E+1
1,028150E+2	9,224575E+1
1,038150E+2	9,233852E+1
1,048150E+2	9,237502E+1
1,058150E+2	9,237737E+1
1,068150E+2	9,244520E+1
1,078150E+2	9,243584E+1
1,088150E+2	9,247179E+1
1,098150E+2	9,245575E+1
1,108150E+2	9,241797E+1
1,118150E+2	9,251690E+1
1,128150E+2	9,253483E+1
1,138150E+2	9,263362E+1
1,148150E+2	9,265822E+1
1,158150E+2	9,264109E+1
1,168150E+2	9,267076E+1
1,178150E+2	9,267556E+1
1,188150E+2	9,265860E+1
1,198150E+2	9,267708E+1
1,208150E+2	9,267053E+1
1,218150E+2	9,270270E+1
1,228150E+2	9,270673E+1
1,238190E+2	9,276204E+1
1,248150E+2	9,272990E+1
1,258150E+2	9,278134E+1
1,268150E+2	9,279713E+1
1,278150E+2	9,276344E+1
1,288150E+2	9,279244E+1
1,298150E+2	9,280734E+1
1,308150E+2	9,280545E+1
1,318150E+2	9,279795E+1
1,328150E+2	9,276604E+1
1,338150E+2	9,279386E+1
1,348150E+2	9,282475E+1
1,358150E+2	9,281369E+1
1,368150E+2	9,279901E+1
1,378150E+2	9,278052E+1
1,388150E+2	9,281632E+1
1,398150E+2	9,281183E+1
1,408150E+2	9,285617E+1
1,418150E+2	9,282443E+1
1,428150E+2	9,280778E+1
1,438150E+2	9,281268E+1
1,448150E+2	9,287341E+1
1,458150E+2	9,285155E+1
1,468150E+2	9,296465E+1
1,478150E+2	9,301061E+1
1,488150E+2	9,299427E+1
1,498150E+2	9,301114E+1
1,508150E+2	9,299965E+1
1,518150E+2	9,306770E+1
1,528150E+2	9,309526E+1
1,538150E+2	9,313780E+1
1,548150E+2	9,317057E+1
1,558150E+2	9,322373E+1
1,568150E+2	9,327591E+1
1,578150E+2	9,333676E+1
1,588150E+2	9,336700E+1
1,598150E+2	9,333322E+1
1,608150E+2	9,325693E+1
1,618150E+2	9,325327E+1
1,628150E+2	9,323380E+1
1,638150E+2	9,323634E+1
1,648150E+2	9,323214E+1
1,658150E+2	9,328720E+1
1,668150E+2	9,327959E+1
1,678150E+2	9,326432E+1
1,688150E+2	9,327464E+1
1,698150E+2	9,331206E+1
1,708150E+2	9,333611E+1
1,718150E+2	9,332129E+1
1,728150E+2	9,332981E+1
1,738150E+2	9,333653E+1
1,748150E+2	9,334677E+1
1,758150E+2	9,338672E+1
1,768150E+2	8,490242E+1
1,778150E+2	6,867930E+1
1,788150E+2	6,180725E+1
1,798150E+2	5,797541E+1
1,808150E+2	4,050872E+1
1,818150E+2	2,479860E+1
1,828150E+2	2,381252E+1
1,838150E+2	2,276709E+1
1,848150E+2	2,199095E+1
1,858150E+2	2,197982E+1
1,868150E+2	2,198250E+1
1,878150E+2	2,197500E+1
1,888150E+2	2,195564E+1
1,898150E+2	2,196706E+1
1,908150E+2	2,196234E+1
1,918150E+2	2,198868E+1
1,928150E+2	2,206154E+1
1,938150E+2	2,208691E+1
1,948150E+2	2,208706E+1
1,958150E+2	2,208973E+1
1,968150E+2	2,210524E+1
1,978150E+2	2,212981E+1
1,988150E+2	2,215128E+1
1,998150E+2	2,215123E+1
2,008150E+2	2,216168E+1
2,018150E+2	2,216756E+1
2,028150E+2	2,215630E+1
2,038150E+2	2,215027E+1
2,048150E+2	2,215502E+1
2,058150E+2	2,212947E+1
2,068150E+2	2,214986E+1
2,078150E+2	2,212093E+1
2,088150E+2	2,212808E+1
2,098150E+2	2,212310E+1
2,108150E+2	2,215288E+1
2,118150E+2	2,216056E+1
2,128150E+2	2,213337E+1
2,138150E+2	2,212111E+1
2,148150E+2	2,214475E+1
2,158150E+2	2,214093E+1
2,168150E+2	2,212079E+1
2,178150E+2	2,216394E+1
2,188150E+2	2,220413E+1
2,198150E+2	2,218453E+1
2,208150E+2	2,220150E+1
2,218150E+2	2,220371E+1
2,228150E+2	2,215566E+1
2,238150E+2	2,218795E+1
2,248150E+2	2,220007E+1
2,258150E+2	2,220832E+1
2,268150E+2	2,222810E+1
2,278150E+2	2,220827E+1
2,288150E+2	2,220458E+1
2,298150E+2	2,221825E+1
2,308150E+2	2,225114E+1
2,318150E+2	2,223424E+1
2,328150E+2	2,220504E+1
2,338150E+2	2,222735E+1
2,348150E+2	2,221114E+1
2,358150E+2	2,220373E+1
2,368150E+2	2,219888E+1
2,378150E+2	2,220714E+1
2,388150E+2	2,218743E+1
2,398150E+2	2,220382E+1
2,408150E+2	2,220494E+1
2,418150E+2	2,218859E+1
2,428150E+2	2,216863E+1
2,438150E+2	2,216679E+1
2,448150E+2	2,218060E+1
2,458150E+2	2,218369E+1
2,468150E+2	2,223221E+1
2,478150E+2	2,221387E+1
2,488150E+2	2,222112E+1
2,498150E+2	2,219538E+1
2,508150E+2	2,221238E+1
2,518150E+2	2,225209E+1
2,528150E+2	2,228014E+1
2,538150E+2	2,224290E+1
2,548150E+2	2,467906E+1
2,558150E+2	2,914692E+1
2,568150E+2	7,559442E+1
2,578150E+2	9,276163E+1
2,588150E+2	9,312534E+1
2,598150E+2	9,316009E+1
2,608150E+2	9,314138E+1
2,618150E+2	9,315510E+1
2,628150E+2	9,312877E+1
2,638150E+2	9,310501E+1
2,648150E+2	9,317154E+1
2,658150E+2	9,309186E+1
2,668150E+2	9,307448E+1
2,678150E+2	9,302411E+1
2,688150E+2	9,304204E+1
2,698150E+2	9,304035E+1
2,708150E+2	9,309154E+1
2,718150E+2	9,306039E+1
2,728150E+2	9,302947E+1
2,738150E+2	9,301027E+1
2,748150E+2	9,300301E+1
2,758150E+2	9,300858E+1
2,768150E+2	9,298888E+1
2,778150E+2	9,298992E+1
2,788150E+2	9,299563E+1
2,798150E+2	9,301826E+1
2,808150E+2	9,299086E+1
2,818150E+2	9,296694E+1
2,828150E+2	9,300556E+1
2,838150E+2	9,299952E+1
2,848150E+2	9,297759E+1
2,858150E+2	9,296129E+1
2,868150E+2	9,297265E+1
2,878150E+2	9,299782E+1
2,888150E+2	9,299104E+1
2,898150E+2	9,299232E+1
2,908150E+2	9,287354E+1
2,918150E+2	9,280927E+1
2,928150E+2	9,281598E+1
2,938150E+2	9,280441E+1
2,948150E+2	9,279715E+1
2,958150E+2	9,274075E+1
2,968150E+2	9,272607E+1
2,978150E+2	9,271545E+1
2,988150E+2	9,272442E+1
2,998150E+2	9,270290E+1
3,008150E+2	9,267945E+1
3,018150E+2	9,270001E+1
3,028150E+2	9,269339E+1
3,038150E+2	9,267929E+1
3,048150E+2	9,266155E+1
3,058150E+2	9,264344E+1
3,068150E+2	9,263293E+1
3,078150E+2	9,264529E+1
3,088150E+2	9,259841E+1
3,098150E+2	9,258114E+1
3,108150E+2	9,253317E+1
3,118150E+2	9,251821E+1
3,128150E+2	9,250041E+1
3,138150E+2	9,251473E+1
3,148150E+2	9,252134E+1
3,158150E+2	9,245913E+1
3,168150E+2	9,248855E+1
3,178150E+2	9,248269E+1
3,188150E+2	9,248072E+1
3,198150E+2	9,246675E+1
3,208150E+2	9,245936E+1
3,218150E+2	9,244337E+1
3,228150E+2	9,247189E+1
3,238150E+2	9,245356E+1
3,248150E+2	8,972000E+1
3,258150E+2	6,792885E+1
3,268150E+2	6,047661E+1
3,278150E+2	5,774650E+1
3,288150E+2	5,326533E+1
3,298150E+2	2,850391E+1
3,308150E+2	2,397460E+1
3,318150E+2	2,349134E+1
3,328150E+2	2,319130E+1
3,338150E+2	2,299761E+1
3,348150E+2	2,286623E+1
3,358150E+2	2,279512E+1
3,368150E+2	2,271088E+1
3,378150E+2	2,268179E+1
3,388150E+2	2,261876E+1
3,398150E+2	2,258068E+1
3,408150E+2	2,255307E+1
3,418150E+2	2,255171E+1
3,428150E+2	2,254605E+1
3,438150E+2	2,251906E+1
3,448150E+2	2,248960E+1
3,458150E+2	2,243738E+1
3,468150E+2	2,239408E+1
3,478150E+2	2,239064E+1
3,488150E+2	2,240934E+1
3,498150E+2	2,244240E+1
3,508150E+2	2,242026E+1
3,518150E+2	2,242213E+1
3,528150E+2	2,244465E+1
3,538150E+2	2,240074E+1
3,548150E+2	2,241977E+1
3,558150E+2	2,244637E+1
3,568150E+2	2,247101E+1
3,578150E+2	2,244097E+1
3,588150E+2	2,243669E+1
3,598150E+2	2,246034E+1
3,608150E+2	2,250361E+1
3,618150E+2	2,249330E+1
3,628150E+2	2,249260E+1
3,638150E+2	2,250820E+1
3,648150E+2	2,252493E+1
3,658150E+2	2,252793E+1
3,668150E+2	2,253668E+1
3,678150E+2	2,254179E+1
3,688150E+2	2,250179E+1
3,698150E+2	2,252535E+1
3,708150E+2	2,253562E+1
3,718150E+2	2,257039E+1
3,728150E+2	2,259200E+1
3,738150E+2	2,259200E+1
3,748150E+2	2,261317E+1
3,758150E+2	2,257655E+1
3,768150E+2	2,253501E+1
3,778150E+2	2,254260E+1
3,788150E+2	2,253791E+1
3,798150E+2	2,250942E+1
3,808150E+2	2,252968E+1
3,818150E+2	2,254065E+1
3,828150E+2	2,252899E+1
3,838150E+2	2,252390E+1
3,848150E+2	2,253220E+1
3,858150E+2	2,251891E+1
3,868150E+2	2,252412E+1
3,878150E+2	2,253639E+1
3,888150E+2	2,250359E+1
3,898150E+2	2,254716E+1
3,908150E+2	2,253829E+1
3,918150E+2	2,252929E+1
3,928150E+2	2,252848E+1
3,938150E+2	2,254264E+1
3,948150E+2	2,251730E+1
3,958150E+2	2,253550E+1
3,968150E+2	2,259636E+1
3,978150E+2	2,254052E+1
3,988150E+2	2,256417E+1
3,998150E+2	2,253960E+1
4,008150E+2	2,250466E+1
4,018150E+2	2,248778E+1
4,028150E+2	2,247360E+1
4,038150E+2	2,247383E+1
4,048150E+2	2,251442E+1
4,058150E+2	2,252226E+1
4,068150E+2	2,252454E+1
4,078150E+2	2,253663E+1
4,088150E+2	2,251162E+1
4,098150E+2	2,253892E+1
4,108150E+2	2,255393E+1
4,118150E+2	2,255155E+1
4,128150E+2	2,251263E+1
4,138150E+2	2,252414E+1
4,148150E+2	2,252598E+1
4,158150E+2	2,252844E+1
4,168150E+2	2,251104E+1
4,178150E+2	2,248381E+1
4,188150E+2	2,248211E+1
4,198150E+2	2,251231E+1
4,208150E+2	2,248717E+1
4,218150E+2	2,248497E+1
4,228150E+2	2,247893E+1
4,238150E+2	2,249542E+1
4,248150E+2	2,250055E+1
4,258150E+2	2,252028E+1
4,268150E+2	2,252928E+1
4,278150E+2	2,251606E+1
4,288150E+2	2,250508E+1
4,298150E+2	2,249183E+1
4,308150E+2	2,250328E+1
4,318150E+2	2,250806E+1
4,328150E+2	2,247574E+1
4,338150E+2	2,251312E+1
4,348150E+2	2,252405E+1
4,358150E+2	2,248606E+1
4,368150E+2	2,247052E+1
4,378150E+2	2,250078E+1
4,388150E+2	2,248803E+1
4,398150E+2	2,246253E+1
4,408150E+2	2,247061E+1
4,418150E+2	2,242447E+1
4,428150E+2	2,247360E+1
4,438150E+2	2,244045E+1
4,448150E+2	2,244903E+1
4,458150E+2	2,247645E+1
4,468150E+2	2,245792E+1
4,478150E+2	2,247484E+1
4,488150E+2	2,247408E+1
4,498150E+2	2,252454E+1
4,508150E+2	2,355798E+1
4,518150E+2	2,419033E+1
4,528150E+2	2,597971E+1
4,538150E+2	2,767010E+1
4,548150E+2	2,657058E+1
4,558150E+2	2,596124E+1
4,568150E+2	2,741032E+1
4,578150E+2	2,600023E+1
4,588150E+2	2,538352E+1
4,598150E+2	2,732943E+1
4,608150E+2	2,773176E+1
4,618150E+2	2,731985E+1
4,628150E+2	2,732491E+1
4,638150E+2	2,692725E+1
4,648150E+2	2,720741E+1
4,658150E+2	2,722814E+1
4,668150E+2	2,738787E+1
4,678150E+2	2,688630E+1
4,688150E+2	2,623623E+1
4,698150E+2	2,611352E+1
4,708150E+2	2,601222E+1
4,718150E+2	2,566717E+1
4,728150E+2	2,547448E+1
4,738150E+2	2,558007E+1
4,748150E+2	2,602860E+1
4,758150E+2	2,618539E+1
4,768150E+2	2,592620E+1
4,778150E+2	2,576050E+1
4,788150E+2	2,571196E+1
4,798150E+2	2,615926E+1
4,808150E+2	2,620705E+1
4,818150E+2	2,598309E+1
4,828150E+2	2,588619E+1
4,838150E+2	2,587612E+1
4,848150E+2	2,578753E+1
4,858150E+2	2,564767E+1
4,868150E+2	2,556631E+1
4,878150E+2	2,548019E+1
4,888150E+2	2,548597E+1
4,898150E+2	2,552778E+1
4,908150E+2	2,549805E+1
4,918150E+2	2,564025E+1
4,928150E+2	2,588904E+1
4,938150E+2	2,633429E+1
4,948150E+2	2,633878E+1
4,958150E+2	2,622078E+1
4,968150E+2	2,611149E+1
4,978150E+2	2,607487E+1
4,988150E+2	2,605426E+1
4,998150E+2	2,598117E+1
5,008150E+2	2,599620E+1
5,018150E+2	2,604386E+1
5,028150E+2	2,609412E+1
5,038150E+2	2,610073E+1
5,048150E+2	2,606768E+1
5,058150E+2	2,610747E+1
5,068150E+2	2,612443E+1
5,078150E+2	2,619531E+1
5,088150E+2	2,622999E+1
5,098150E+2	2,625800E+1
5,108150E+2	2,627943E+1
5,118150E+2	2,626372E+1
5,128150E+2	2,629739E+1
5,138150E+2	2,630006E+1
5,148150E+2	2,629255E+1
5,158150E+2	2,626620E+1
5,168150E+2	2,623369E+1
5,178150E+2	2,621260E+1
5,188150E+2	2,618957E+1
5,198150E+2	2,617626E+1
5,208150E+2	2,619744E+1
5,218150E+2	2,622515E+1
5,228150E+2	2,619469E+1
5,238150E+2	2,621359E+1
5,248150E+2	2,622612E+1
5,258150E+2	2,625246E+1
5,268150E+2	2,627697E+1
5,278150E+2	2,626693E+1
5,288150E+2	2,627082E+1
5,298150E+2	2,626661E+1
5,308150E+2	2,626323E+1
5,318150E+2	2,630121E+1
5,328150E+2	2,632791E+1
5,338150E+2	2,632814E+1
5,348150E+2	2,634538E+1
5,358150E+2	2,632794E+1
5,368150E+2	2,633068E+1
5,378150E+2	2,633206E+1
5,388150E+2	2,633639E+1
5,398150E+2	2,629997E+1
5,408150E+2	2,629237E+1
5,418150E+2	2,629957E+1
5,428150E+2	2,625826E+1
5,438150E+2	2,630794E+1
5,448150E+2	2,630767E+1
5,458150E+2	2,627273E+1
5,468150E+2	2,622267E+1
5,478150E+2	2,625895E+1
5,488150E+2	2,628067E+1
5,498150E+2	2,622480E+1
5,508150E+2	2,622103E+1
5,518150E+2	2,623054E+1
5,528150E+2	2,622721E+1
5,538150E+2	2,625362E+1
5,548150E+2	2,625169E+1
5,558150E+2	2,625395E+1
5,568150E+2	2,627073E+1
5,578150E+2	2,625324E+1
5,588150E+2	2,624458E+1
5,598150E+2	2,620858E+1
5,608150E+2	2,620706E+1
5,618150E+2	2,619990E+1
5,628150E+2	2,625980E+1
5,638150E+2	2,625297E+1
5,648150E+2	2,620615E+1
5,658150E+2	2,625382E+1
5,668150E+2	2,626486E+1
5,678150E+2	2,631198E+1
5,688150E+2	2,628022E+1
5,698150E+2	2,628362E+1
5,708150E+2	2,627108E+1
5,718150E+2	2,626735E+1
5,728150E+2	2,624468E+1
5,738150E+2	2,624465E+1
5,748150E+2	2,624005E+1
5,758150E+2	2,621545E+1
5,768150E+2	2,622453E+1
5,778150E+2	2,625988E+1
5,788150E+2	2,628686E+1
5,798150E+2	2,629263E+1
5,808150E+2	2,628068E+1
5,818150E+2	2,629497E+1
5,828150E+2	2,627860E+1
5,838150E+2	2,626651E+1
5,848150E+2	2,628616E+1
5,858150E+2	2,628547E+1
5,868150E+2	2,629600E+1
5,878150E+2	2,631153E+1
5,888150E+2	2,631567E+1
5,898150E+2	2,630630E+1
5,908150E+2	2,629565E+1
5,918150E+2	2,627465E+1
5,928150E+2	2,627170E+1
5,938150E+2	2,627566E+1
5,948150E+2	2,628126E+1
5,958150E+2	2,628396E+1
5,968150E+2	2,626721E+1
5,978150E+2	2,627550E+1
5,988150E+2	2,629144E+1
5,998150E+2	2,626932E+1
6,008150E+2	2,633164E+1
6,018150E+2	2,629368E+1
6,028150E+2	2,626315E+1
6,038150E+2	2,626516E+1
6,048150E+2	2,627253E+1
6,058150E+2	2,626016E+1
6,068150E+2	2,625558E+1
6,078150E+2	2,625076E+1
6,088150E+2	2,623901E+1
6,098150E+2	2,622943E+1
6,108150E+2	2,621512E+1
6,118150E+2	2,627351E+1
6,128150E+2	2,625956E+1
6,138150E+2	2,625459E+1
6,148150E+2	2,630900E+1
6,158150E+2	2,628452E+1
6,168150E+2	2,627977E+1
6,178150E+2	2,625659E+1
6,188150E+2	2,625855E+1
6,198150E+2	2,627337E+1
6,208150E+2	2,630102E+1
6,218150E+2	2,626065E+1
6,228150E+2	2,623824E+1
6,238150E+2	2,622206E+1
6,248150E+2	2,624878E+1
6,258150E+2	2,621236E+1
6,268150E+2	2,624411E+1
6,278150E+2	2,623407E+1
6,288150E+2	2,624503E+1
6,298150E+2	2,626221E+1
6,308150E+2	2,626200E+1
6,318150E+2	2,624455E+1
6,328150E+2	2,625679E+1
6,338150E+2	2,624501E+1
6,348150E+2	2,621539E+1
6,358150E+2	2,619830E+1
6,368150E+2	2,621370E+1
6,378150E+2	2,623040E+1
6,388150E+2	2,624518E+1
6,398150E+2	2,628694E+1
6,408150E+2	2,623030E+1
6,418150E+2	2,620566E+1
6,428150E+2	2,625988E+1
6,438150E+2	2,626342E+1
6,448150E+2	2,623300E+1
6,458150E+2	2,623034E+1
6,468150E+2	2,623829E+1
6,478150E+2	2,620417E+1
6,488150E+2	2,621834E+1
6,498150E+2	2,617065E+1
6,508150E+2	2,619485E+1
6,518150E+2	2,620732E+1
6,528150E+2	2,620098E+1
6,538150E+2	2,620860E+1
6,548150E+2	2,624396E+1
6,558150E+2	2,624526E+1
6,568150E+2	2,624786E+1
6,578150E+2	2,626473E+1
6,588150E+2	2,625260E+1
6,598150E+2	2,625696E+1
6,608150E+2	2,630873E+1
6,618150E+2	2,632964E+1
6,628150E+2	2,635641E+1
6,638150E+2	2,636774E+1
6,648150E+2	2,633438E+1
6,658150E+2	2,633327E+1
6,668150E+2	2,636242E+1
6,678150E+2	2,638017E+1
6,688150E+2	2,637526E+1
6,698150E+2	2,637035E+1
6,708150E+2	2,639553E+1
6,718150E+2	2,638238E+1
6,728150E+2	2,637393E+1
6,738150E+2	2,632446E+1
6,748150E+2	2,636791E+1
6,758150E+2	2,635784E+1
6,768150E+2	2,634885E+1
6,778150E+2	2,636822E+1
6,788150E+2	2,636142E+1
6,798150E+2	2,632950E+1
6,808150E+2	2,631819E+1
6,818150E+2	2,634436E+1
6,828150E+2	2,632763E+1
6,838150E+2	2,638955E+1
6,848150E+2	2,634173E+1
6,858150E+2	2,631066E+1
6,868150E+2	2,632316E+1
6,878150E+2	2,633997E+1
6,888150E+2	2,637287E+1
6,898150E+2	2,636738E+1
6,908150E+2	2,636927E+1
6,918150E+2	2,636373E+1
6,928150E+2	2,636700E+1
6,938150E+2	2,636180E+1
6,948150E+2	2,637364E+1
6,958150E+2	2,638570E+1
6,968150E+2	2,636180E+1
6,978150E+2	2,636023E+1
6,988150E+2	2,631110E+1
6,998150E+2	2,633207E+1
7,008150E+2	2,631584E+1
7,018150E+2	2,633723E+1
7,028150E+2	2,634812E+1
7,038150E+2	2,637835E+1
7,048150E+2	2,638506E+1
7,058150E+2	2,640623E+1
7,068150E+2	2,637938E+1
7,078150E+2	2,638975E+1
7,088150E+2	2,635861E+1
7,098150E+2	2,631209E+1
7,108150E+2	2,631882E+1
7,118150E+2	2,633045E+1
7,128150E+2	2,633389E+1
7,138150E+2	2,634391E+1
7,148150E+2	2,637128E+1
7,158150E+2	2,638653E+1
7,168150E+2	2,637167E+1
7,178150E+2	2,636778E+1
7,188150E+2	2,636016E+1
7,198150E+2	2,636919E+1
7,208150E+2	2,638667E+1
7,218150E+2	2,638157E+1
7,228150E+2	2,635916E+1
7,238150E+2	2,636152E+1
7,248150E+2	2,637773E+1
7,258150E+2	2,633840E+1
7,268150E+2	2,633777E+1
7,278150E+2	2,634238E+1
7,288150E+2	2,633606E+1
7,298150E+2	2,634435E+1
7,308150E+2	2,637535E+1
7,318150E+2	2,639595E+1
7,328150E+2	2,637814E+1
7,338150E+2	2,635972E+1
7,348150E+2	2,635638E+1
7,358150E+2	2,638293E+1
7,368150E+2	2,638657E+1
7,378150E+2	2,634812E+1
7,388150E+2	2,636863E+1
7,398150E+2	2,636359E+1
7,408150E+2	2,635584E+1
7,418150E+2	2,633979E+1
7,428150E+2	2,633939E+1
7,438150E+2	2,633287E+1
7,448150E+2	2,630723E+1
7,458150E+2	2,629351E+1
7,468150E+2	2,632884E+1
7,478150E+2	2,633678E+1
7,488150E+2	2,632740E+1
7,498150E+2	2,631426E+1
7,508150E+2	2,633221E+1
7,518150E+2	2,634078E+1
7,528150E+2	2,633619E+1
7,538150E+2	2,630437E+1
7,548150E+2	2,635154E+1
7,558150E+2	2,634851E+1
7,568150E+2	2,631306E+1
7,578150E+2	2,634060E+1
7,588150E+2	2,632102E+1
7,598150E+2	2,631578E+1
7,608150E+2	2,634328E+1
7,618150E+2	2,635886E+1
7,628150E+2	2,635092E+1
