Zeit / s	Temperatur / °C
8,870000E-1	7,848918E+1
1,887000E+0	7,847245E+1
2,887000E+0	7,849181E+1
3,887000E+0	7,847397E+1
4,887000E+0	7,842591E+1
5,887000E+0	7,840678E+1
6,887000E+0	7,835832E+1
7,887000E+0	7,842720E+1
8,887000E+0	7,802703E+1
9,887000E+0	7,749598E+1
1,088700E+1	7,759379E+1
1,188700E+1	7,778563E+1
1,288700E+1	7,782455E+1
1,388700E+1	7,784909E+1
1,488800E+1	7,793992E+1
1,588700E+1	7,799981E+1
1,688700E+1	7,799710E+1
1,788700E+1	7,794451E+1
1,888700E+1	7,788461E+1
1,988700E+1	7,784730E+1
2,088700E+1	7,784786E+1
2,188700E+1	7,784604E+1
2,288700E+1	7,781519E+1
2,388700E+1	7,776015E+1
2,488700E+1	7,774406E+1
2,588700E+1	7,753895E+1
2,688700E+1	7,746277E+1
2,788700E+1	7,750539E+1
2,888700E+1	7,743308E+1
2,988700E+1	7,737169E+1
3,088700E+1	7,734437E+1
3,188700E+1	7,729054E+1
3,288700E+1	7,726826E+1
3,388700E+1	7,725265E+1
3,488700E+1	7,721553E+1
3,588700E+1	7,716934E+1
3,688700E+1	7,707586E+1
3,788700E+1	7,702530E+1
3,888700E+1	7,700148E+1
3,988700E+1	7,697277E+1
4,088700E+1	7,696237E+1
4,188700E+1	7,699395E+1
4,288700E+1	7,699286E+1
4,388700E+1	7,698902E+1
4,488700E+1	7,696083E+1
4,588700E+1	7,693232E+1
4,688700E+1	7,693450E+1
4,788700E+1	7,687755E+1
4,888700E+1	7,679168E+1
4,988700E+1	7,676040E+1
5,088700E+1	7,676692E+1
5,188700E+1	7,668544E+1
5,288700E+1	7,666624E+1
5,388700E+1	7,667396E+1
5,488700E+1	7,669139E+1
5,588700E+1	7,668807E+1
5,688700E+1	7,664790E+1
5,788700E+1	7,655355E+1
5,888700E+1	7,654172E+1
5,988700E+1	7,655752E+1
6,088700E+1	7,659326E+1
6,188700E+1	7,657309E+1
6,288700E+1	7,649704E+1
6,388700E+1	7,648125E+1
6,488700E+1	7,647105E+1
6,588700E+1	7,643830E+1
6,688700E+1	7,632294E+1
6,788700E+1	7,630020E+1
6,888700E+1	7,634514E+1
6,988700E+1	7,628034E+1
7,088700E+1	7,622984E+1
7,188700E+1	7,627273E+1
7,288700E+1	7,622084E+1
7,388700E+1	7,625036E+1
7,488800E+1	7,624989E+1
7,588700E+1	7,617910E+1
7,688700E+1	7,608805E+1
7,788700E+1	7,603559E+1
7,888700E+1	7,601111E+1
7,988700E+1	7,601849E+1
8,088700E+1	7,599870E+1
8,188700E+1	7,600237E+1
8,288700E+1	7,598742E+1
8,388700E+1	7,597177E+1
8,488700E+1	7,594424E+1
8,588700E+1	7,590357E+1
8,688700E+1	7,585974E+1
8,788700E+1	7,582251E+1
8,888700E+1	7,576882E+1
8,988700E+1	7,569945E+1
9,088700E+1	7,570312E+1
9,188700E+1	7,570687E+1
9,288700E+1	7,570814E+1
9,388700E+1	7,568328E+1
9,488700E+1	7,566184E+1
9,588700E+1	7,564639E+1
9,688700E+1	7,568641E+1
9,788700E+1	7,566141E+1
9,888700E+1	7,565473E+1
9,988700E+1	7,563330E+1
1,008870E+2	7,560720E+1
1,018870E+2	7,558450E+1
1,028870E+2	7,557717E+1
1,038870E+2	7,554711E+1
1,048870E+2	7,552496E+1
1,058870E+2	7,546641E+1
1,068870E+2	7,540796E+1
1,078870E+2	7,535627E+1
1,088870E+2	7,533006E+1
1,098870E+2	7,535351E+1
1,108870E+2	7,530116E+1
1,118870E+2	7,526140E+1
1,128870E+2	7,523952E+1
1,138870E+2	7,524763E+1
1,148870E+2	7,523083E+1
1,158870E+2	7,516163E+1
1,168870E+2	7,515772E+1
1,178870E+2	7,515652E+1
1,188870E+2	7,515294E+1
1,198870E+2	7,517111E+1
1,208870E+2	7,516254E+1
1,218870E+2	7,516849E+1
1,228870E+2	7,513799E+1
1,238870E+2	7,506443E+1
1,248870E+2	7,501828E+1
1,258870E+2	7,502076E+1
1,268870E+2	7,501894E+1
1,278870E+2	7,497905E+1
1,288870E+2	7,490066E+1
1,298870E+2	7,486464E+1
1,308870E+2	7,484656E+1
1,318870E+2	7,482462E+1
1,328870E+2	7,482149E+1
1,338870E+2	7,484247E+1
1,348870E+2	7,481144E+1
1,358870E+2	7,481126E+1
1,368870E+2	7,479035E+1
1,378870E+2	7,474240E+1
1,388870E+2	7,469326E+1
1,398870E+2	7,470100E+1
1,408870E+2	7,470670E+1
1,418870E+2	7,469009E+1
1,428870E+2	7,465023E+1
1,438870E+2	7,462333E+1
1,448870E+2	7,461734E+1
1,458870E+2	7,462812E+1
1,468870E+2	7,462687E+1
1,478870E+2	7,460582E+1
1,488870E+2	7,454437E+1
1,498870E+2	7,455639E+1
1,508870E+2	7,455879E+1
1,518870E+2	7,457897E+1
1,528870E+2	7,458828E+1
1,538870E+2	7,452617E+1
1,548870E+2	7,452329E+1
1,558870E+2	7,443623E+1
1,568870E+2	7,432311E+1
1,578870E+2	7,433082E+1
1,588870E+2	7,437771E+1
1,598870E+2	7,440493E+1
1,608870E+2	7,440885E+1
1,618870E+2	7,435933E+1
1,628870E+2	7,438577E+1
1,638870E+2	7,431375E+1
1,648870E+2	7,427251E+1
1,658870E+2	7,421548E+1
1,668870E+2	7,416695E+1
1,678870E+2	7,416442E+1
1,688870E+2	7,415922E+1
1,698870E+2	7,414064E+1
1,708870E+2	7,415903E+1
1,718870E+2	7,412969E+1
1,728870E+2	7,409327E+1
1,738870E+2	7,404232E+1
1,748870E+2	7,400612E+1
1,758870E+2	7,399502E+1
1,768870E+2	7,403479E+1
1,778870E+2	7,398791E+1
1,788870E+2	7,396469E+1
1,798870E+2	7,391976E+1
1,808870E+2	7,383743E+1
1,818870E+2	7,380474E+1
1,828870E+2	7,382848E+1
1,838870E+2	7,378730E+1
1,848870E+2	7,376491E+1
1,858870E+2	7,376780E+1
1,868870E+2	7,381539E+1
1,878870E+2	7,382207E+1
1,888870E+2	7,378652E+1
1,898870E+2	7,352240E+1
1,908870E+2	7,346376E+1
1,918870E+2	7,336602E+1
1,928870E+2	7,329672E+1
1,938870E+2	7,327208E+1
1,948870E+2	7,325810E+1
1,958870E+2	7,324829E+1
1,968870E+2	7,327259E+1
1,978870E+2	7,321901E+1
1,988870E+2	7,317853E+1
1,998870E+2	7,320919E+1
2,008870E+2	7,320128E+1
2,018870E+2	7,316282E+1
2,028870E+2	7,316533E+1
2,038870E+2	7,318338E+1
2,048870E+2	7,316176E+1
2,058870E+2	7,317428E+1
2,068870E+2	7,318627E+1
2,078870E+2	7,318244E+1
2,088870E+2	7,314239E+1
2,098870E+2	7,305713E+1
2,108870E+2	7,302325E+1
2,118870E+2	7,300991E+1
2,128870E+2	7,301021E+1
2,138870E+2	7,301953E+1
2,148870E+2	7,300852E+1
2,158870E+2	7,298575E+1
2,168870E+2	7,298423E+1
2,178870E+2	7,302849E+1
2,188870E+2	7,301857E+1
2,198870E+2	7,300740E+1
2,208870E+2	7,300700E+1
2,218870E+2	7,300303E+1
2,228870E+2	7,298234E+1
2,238870E+2	7,298032E+1
2,248870E+2	7,298280E+1
2,258870E+2	7,296860E+1
2,268870E+2	7,289120E+1
2,278870E+2	7,287230E+1
2,288870E+2	7,284637E+1
2,298870E+2	7,286569E+1
2,308870E+2	7,285290E+1
2,318870E+2	7,285475E+1
2,328870E+2	7,282060E+1
2,338870E+2	7,279590E+1
2,348870E+2	7,278894E+1
2,358870E+2	7,278163E+1
2,368870E+2	7,277628E+1
2,378870E+2	7,278487E+1
2,388870E+2	7,275398E+1
2,398870E+2	7,270901E+1
2,408870E+2	7,269038E+1
2,418870E+2	7,270491E+1
2,428870E+2	7,266678E+1
2,438870E+2	7,263546E+1
2,448870E+2	7,265448E+1
2,458870E+2	7,263961E+1
2,468870E+2	7,258354E+1
2,478870E+2	7,258544E+1
2,488870E+2	7,256725E+1
2,498870E+2	7,252207E+1
2,508870E+2	7,250825E+1
2,518870E+2	7,252548E+1
2,528870E+2	7,253109E+1
2,538870E+2	7,253934E+1
2,548870E+2	7,252921E+1
2,558870E+2	7,249795E+1
2,568870E+2	7,248467E+1
2,578870E+2	7,246314E+1
2,588870E+2	7,247575E+1
2,598870E+2	7,246278E+1
2,608870E+2	7,243549E+1
2,618870E+2	7,242949E+1
2,628870E+2	7,241132E+1
2,638870E+2	7,244590E+1
2,648870E+2	7,240151E+1
2,658870E+2	7,237939E+1
2,668870E+2	7,233657E+1
2,678870E+2	7,230275E+1
2,688870E+2	7,223208E+1
2,698870E+2	7,208547E+1
2,708870E+2	7,205683E+1
2,718870E+2	7,202378E+1
2,728870E+2	7,201992E+1
2,738870E+2	7,199989E+1
2,748870E+2	7,199459E+1
2,758870E+2	7,198568E+1
2,768870E+2	7,198166E+1
2,778870E+2	7,195667E+1
2,788870E+2	7,188519E+1
2,798870E+2	7,184204E+1
2,808870E+2	7,181352E+1
2,818870E+2	7,176508E+1
2,828870E+2	7,175473E+1
2,838870E+2	7,173527E+1
2,848870E+2	7,173200E+1
2,858870E+2	7,173296E+1
2,868870E+2	7,171814E+1
2,878870E+2	7,168101E+1
2,888870E+2	7,168951E+1
2,898870E+2	7,165477E+1
2,908870E+2	7,164256E+1
2,918870E+2	7,166233E+1
2,928870E+2	7,167218E+1
2,938870E+2	7,169396E+1
2,948870E+2	7,163069E+1
2,958870E+2	7,158580E+1
2,968870E+2	7,155058E+1
2,978870E+2	7,148391E+1
2,988870E+2	7,148988E+1
2,998870E+2	7,143016E+1
3,008870E+2	7,144608E+1
3,018870E+2	7,142726E+1
3,028870E+2	7,141706E+1
3,038870E+2	7,143341E+1
3,048870E+2	7,137960E+1
3,058870E+2	7,140380E+1
3,068870E+2	7,140379E+1
3,078870E+2	7,141772E+1
3,088870E+2	7,140792E+1
3,098870E+2	7,141733E+1
3,108870E+2	7,139632E+1
3,118870E+2	7,142854E+1
3,128870E+2	7,140960E+1
3,138870E+2	7,141151E+1
3,148870E+2	7,140091E+1
3,158870E+2	7,141705E+1
3,168870E+2	7,139152E+1
3,178870E+2	7,136571E+1
3,188870E+2	7,134330E+1
3,198870E+2	7,135378E+1
3,208870E+2	7,133752E+1
3,218870E+2	7,131873E+1
3,228870E+2	7,132287E+1
3,238870E+2	7,127429E+1
3,248870E+2	7,126029E+1
3,258870E+2	7,124840E+1
3,268870E+2	7,120067E+1
3,278870E+2	7,119362E+1
3,288870E+2	7,118448E+1
3,298870E+2	7,118768E+1
3,308870E+2	7,116365E+1
3,318870E+2	7,114606E+1
3,328870E+2	7,113400E+1
3,338870E+2	7,111884E+1
3,348870E+2	7,115376E+1
3,358870E+2	7,116415E+1
3,368870E+2	7,118253E+1
3,378870E+2	7,121196E+1
3,388870E+2	7,115675E+1
3,398870E+2	7,113849E+1
3,408870E+2	7,115018E+1
3,418870E+2	7,112685E+1
3,428870E+2	7,111858E+1
3,438870E+2	7,110402E+1
3,448870E+2	7,107353E+1
3,458870E+2	7,106403E+1
3,468870E+2	7,105943E+1
3,478870E+2	7,102922E+1
3,488870E+2	7,103474E+1
3,498870E+2	7,099705E+1
3,508870E+2	7,099875E+1
3,518870E+2	7,097556E+1
3,528870E+2	7,095543E+1
3,538870E+2	7,095954E+1
3,548870E+2	7,096612E+1
3,558870E+2	7,096108E+1
3,568870E+2	7,093198E+1
3,578870E+2	7,088407E+1
3,588870E+2	7,087631E+1
3,598870E+2	7,082123E+1
3,608870E+2	7,073950E+1
3,618870E+2	7,067867E+1
3,628870E+2	7,064557E+1
3,638870E+2	7,055475E+1
3,648870E+2	7,055536E+1
3,658870E+2	7,052063E+1
3,668870E+2	7,045737E+1
3,678870E+2	7,046367E+1
3,688870E+2	7,044457E+1
3,698870E+2	7,040677E+1
3,708870E+2	7,037792E+1
3,718870E+2	7,035961E+1
3,728870E+2	7,031395E+1
3,738870E+2	7,031192E+1
3,748870E+2	7,029459E+1
3,758870E+2	7,030441E+1
3,768870E+2	7,031427E+1
3,778870E+2	7,034085E+1
3,788870E+2	7,033080E+1
3,798870E+2	7,033549E+1
3,808870E+2	7,036075E+1
3,818870E+2	7,032724E+1
3,828870E+2	7,031094E+1
3,838870E+2	7,028182E+1
3,848870E+2	7,026879E+1
3,858870E+2	7,024984E+1
3,868870E+2	7,027158E+1
3,878870E+2	7,028002E+1
3,888870E+2	7,029100E+1
3,898870E+2	7,028023E+1
3,908870E+2	7,028677E+1
3,918870E+2	7,025937E+1
3,928870E+2	7,026579E+1
3,938870E+2	7,026662E+1
3,948870E+2	7,028148E+1
3,958870E+2	7,023544E+1
3,968870E+2	7,016739E+1
3,978870E+2	7,012471E+1
3,988870E+2	7,013871E+1
3,998870E+2	7,015383E+1
4,008870E+2	7,015242E+1
4,018870E+2	7,011530E+1
4,028870E+2	7,015689E+1
4,038870E+2	7,012268E+1
4,048870E+2	7,012459E+1
4,058870E+2	7,011872E+1
4,068870E+2	7,010768E+1
4,078870E+2	7,007091E+1
4,088870E+2	7,008515E+1
4,098870E+2	7,008004E+1
4,108870E+2	7,008766E+1
4,118870E+2	7,007097E+1
4,128870E+2	7,006818E+1
4,138870E+2	7,005032E+1
4,148870E+2	7,005254E+1
4,158870E+2	7,004655E+1
4,168870E+2	7,002526E+1
4,178870E+2	7,003643E+1
4,188870E+2	7,003773E+1
4,198870E+2	7,001012E+1
4,208870E+2	7,002529E+1
4,218870E+2	6,999052E+1
4,228870E+2	6,996850E+1
4,238870E+2	7,003141E+1
4,248870E+2	7,002477E+1
4,258870E+2	7,002502E+1
4,268870E+2	6,995585E+1
4,278870E+2	6,989744E+1
4,288870E+2	6,986351E+1
4,298870E+2	6,985506E+1
4,308870E+2	6,986082E+1
4,318870E+2	6,983448E+1
4,328870E+2	6,979565E+1
4,338870E+2	6,981110E+1
4,348870E+2	6,978344E+1
4,358870E+2	6,978525E+1
4,368870E+2	6,977799E+1
4,378870E+2	6,979956E+1
4,388870E+2	6,975576E+1
4,398870E+2	6,974919E+1
4,408870E+2	6,972917E+1
4,418870E+2	6,973251E+1
4,428870E+2	6,972313E+1
4,438870E+2	6,971751E+1
4,448870E+2	6,972945E+1
4,458870E+2	6,974857E+1
4,468870E+2	6,970096E+1
4,478870E+2	6,967972E+1
4,488870E+2	6,972205E+1
4,498870E+2	6,969221E+1
4,508870E+2	6,966213E+1
4,518870E+2	6,966029E+1
4,528870E+2	6,962869E+1
4,538870E+2	6,960341E+1
4,548870E+2	6,956678E+1
4,558870E+2	6,955655E+1
4,568870E+2	6,955344E+1
4,578870E+2	6,953174E+1
4,588870E+2	6,950329E+1
4,598870E+2	6,949123E+1
4,608870E+2	6,947814E+1
4,618870E+2	6,948183E+1
4,628870E+2	6,948066E+1
4,638870E+2	6,943500E+1
4,648870E+2	6,946033E+1
4,658870E+2	6,942287E+1
4,668870E+2	6,940889E+1
4,678870E+2	6,942356E+1
4,688870E+2	6,941168E+1
4,698870E+2	6,938992E+1
4,708870E+2	6,945403E+1
4,718870E+2	6,942596E+1
4,728870E+2	6,942861E+1
4,738870E+2	6,941026E+1
4,748870E+2	6,937686E+1
4,758870E+2	6,936643E+1
4,768870E+2	6,933435E+1
4,778870E+2	6,933492E+1
4,788870E+2	6,931303E+1
4,798870E+2	6,932719E+1
4,808870E+2	6,934749E+1
4,818870E+2	6,932963E+1
4,828870E+2	6,933005E+1
4,838870E+2	6,930073E+1
4,848870E+2	6,929855E+1
4,858870E+2	6,931250E+1
4,868870E+2	6,929112E+1
4,878870E+2	6,930016E+1
4,888870E+2	6,928893E+1
4,898870E+2	6,932604E+1
4,908870E+2	6,933018E+1
4,918870E+2	6,929337E+1
4,928870E+2	6,927474E+1
4,938870E+2	6,923954E+1
4,948870E+2	6,921574E+1
4,958870E+2	6,918622E+1
4,968870E+2	6,917504E+1
4,978870E+2	6,916040E+1
4,988870E+2	6,917269E+1
4,998870E+2	6,912542E+1
5,008870E+2	6,914396E+1
5,018870E+2	6,912079E+1
5,028870E+2	6,907164E+1
5,038870E+2	6,907392E+1
5,048870E+2	6,909425E+1
5,058870E+2	6,906497E+1
5,068870E+2	6,907500E+1
5,078870E+2	6,904347E+1
5,088870E+2	6,903780E+1
5,098870E+2	6,905842E+1
5,108870E+2	6,900302E+1
5,118870E+2	6,899993E+1
5,128870E+2	6,898642E+1
5,138870E+2	6,897716E+1
5,148870E+2	6,898456E+1
5,158870E+2	6,899465E+1
5,168870E+2	6,895312E+1
5,178870E+2	6,891854E+1
5,188870E+2	6,892249E+1
5,198870E+2	6,887561E+1
5,208870E+2	6,886132E+1
5,218870E+2	6,886945E+1
5,228870E+2	6,882849E+1
5,238870E+2	6,885935E+1
5,248870E+2	6,881598E+1
5,258870E+2	6,882671E+1
5,268870E+2	6,881878E+1
5,278870E+2	6,882381E+1
5,288870E+2	6,882084E+1
5,298870E+2	6,880927E+1
5,308870E+2	6,874481E+1
5,318870E+2	6,876294E+1
5,328870E+2	6,875882E+1
5,338870E+2	6,876629E+1
5,348870E+2	6,881278E+1
5,358870E+2	6,876510E+1
5,368870E+2	6,874593E+1
5,378870E+2	6,876136E+1
5,388870E+2	6,871114E+1
5,398870E+2	6,870298E+1
5,408870E+2	6,870616E+1
5,418870E+2	6,870530E+1
5,428870E+2	6,870982E+1
5,438870E+2	6,868012E+1
5,448870E+2	6,867792E+1
5,458870E+2	6,865504E+1
5,468870E+2	6,864664E+1
5,478870E+2	6,860497E+1
5,488870E+2	6,857599E+1
5,498870E+2	6,858375E+1
5,508870E+2	6,859309E+1
5,518870E+2	6,855400E+1
5,528870E+2	6,855290E+1
5,538870E+2	6,854621E+1
5,548870E+2	6,855790E+1
5,558870E+2	6,853308E+1
5,568870E+2	6,851659E+1
5,578870E+2	6,849653E+1
5,588870E+2	6,848566E+1
5,598870E+2	6,847851E+1
5,608870E+2	6,848143E+1
5,618870E+2	6,848077E+1
5,628870E+2	6,842804E+1
5,638870E+2	6,841828E+1
5,648870E+2	6,842492E+1
5,658870E+2	6,840835E+1
5,668870E+2	6,839723E+1
5,678870E+2	6,839124E+1
5,688870E+2	6,837456E+1
5,698870E+2	6,835726E+1
5,708870E+2	6,830821E+1
5,718870E+2	6,824318E+1
5,728870E+2	6,813580E+1
5,738870E+2	6,811464E+1
5,748870E+2	6,808601E+1
5,758870E+2	6,810409E+1
5,768870E+2	6,813909E+1
5,778870E+2	6,812868E+1
5,788870E+2	6,808615E+1
5,798870E+2	6,807728E+1
5,808870E+2	6,806730E+1
5,818870E+2	6,805276E+1
5,828870E+2	6,806966E+1
5,838870E+2	6,807223E+1
5,848870E+2	6,716347E+1
5,858870E+2	6,230667E+1
5,868870E+2	4,586471E+1
5,878870E+2	2,993472E+1
5,888870E+2	3,147353E+1
5,898870E+2	4,213496E+1
5,908870E+2	4,898857E+1
5,918870E+2	4,842631E+1
5,928870E+2	4,824612E+1
5,938870E+2	4,670478E+1
5,948870E+2	4,433290E+1
5,958870E+2	4,340794E+1
5,968870E+2	4,187893E+1
5,978870E+2	4,104650E+1
5,988870E+2	4,078064E+1
5,998870E+2	4,076593E+1
6,008870E+2	4,079949E+1
6,018870E+2	4,083613E+1
6,028870E+2	4,084125E+1
6,038870E+2	4,086124E+1
6,048870E+2	4,085492E+1
6,058870E+2	4,085562E+1
6,068870E+2	4,088958E+1
6,078870E+2	4,087425E+1
6,088870E+2	4,089984E+1
6,098870E+2	4,092335E+1
6,108870E+2	4,095738E+1
6,118870E+2	4,095734E+1
6,128870E+2	4,094468E+1
6,138870E+2	4,096412E+1
6,148870E+2	4,093558E+1
6,158870E+2	4,092854E+1
6,168870E+2	4,092296E+1
6,178870E+2	4,095532E+1
6,188870E+2	4,094621E+1
6,198870E+2	4,101016E+1
6,208870E+2	4,099173E+1
6,218870E+2	4,099736E+1
6,228870E+2	4,096589E+1
6,238870E+2	4,096878E+1
6,248870E+2	4,096292E+1
6,258870E+2	4,092069E+1
6,268870E+2	4,090175E+1
6,278870E+2	4,094451E+1
6,288870E+2	4,094263E+1
6,298870E+2	4,096767E+1
6,308870E+2	4,094037E+1
6,318870E+2	4,097726E+1
6,328870E+2	4,100518E+1
6,338870E+2	4,095740E+1
6,348870E+2	4,094116E+1
6,358870E+2	4,094537E+1
6,368870E+2	4,099864E+1
6,378870E+2	4,097870E+1
6,388870E+2	4,098544E+1
6,398870E+2	4,097334E+1
6,408870E+2	4,097328E+1
6,418870E+2	4,099181E+1
6,428870E+2	4,098411E+1
6,438870E+2	4,100457E+1
6,448870E+2	4,100993E+1
6,458870E+2	4,101300E+1
6,468870E+2	4,100296E+1
6,478870E+2	4,098921E+1
6,488870E+2	4,099335E+1
6,498870E+2	4,100816E+1
6,508870E+2	4,099504E+1
6,518870E+2	4,104625E+1
6,528870E+2	4,099231E+1
6,538870E+2	4,095274E+1
6,548870E+2	4,097171E+1
6,558870E+2	4,100310E+1
6,568870E+2	4,101224E+1
6,578870E+2	4,103058E+1
6,588870E+2	4,102269E+1
6,598870E+2	4,105241E+1
6,608870E+2	4,103662E+1
6,618870E+2	4,104685E+1
6,628870E+2	4,107396E+1
6,638870E+2	4,113073E+1
6,648870E+2	4,110703E+1
6,658870E+2	4,109811E+1
6,668870E+2	4,109411E+1
6,678870E+2	4,111361E+1
6,688870E+2	4,111169E+1
6,698870E+2	4,109892E+1
6,708870E+2	4,106978E+1
6,718870E+2	4,105930E+1
6,728870E+2	4,108927E+1
6,738870E+2	4,110945E+1
6,748870E+2	4,108192E+1
6,758870E+2	4,109880E+1
6,768870E+2	4,109066E+1
6,778870E+2	4,108927E+1
6,788870E+2	4,109385E+1
6,798870E+2	4,109558E+1
6,808870E+2	4,108049E+1
6,818870E+2	4,109043E+1
6,828870E+2	4,107562E+1
6,838870E+2	4,108625E+1
6,848870E+2	4,108127E+1
6,858870E+2	4,109665E+1
6,868870E+2	4,114260E+1
6,878870E+2	4,110468E+1
6,888870E+2	4,112211E+1
6,898870E+2	4,112749E+1
6,908870E+2	4,110428E+1
6,918870E+2	4,113082E+1
6,928870E+2	4,113802E+1
6,938870E+2	4,119061E+1
6,948870E+2	4,116898E+1
6,958870E+2	4,112102E+1
6,968870E+2	4,115471E+1
6,978870E+2	4,114710E+1
6,988870E+2	4,117218E+1
6,998870E+2	4,116001E+1
7,008870E+2	4,115233E+1
7,018870E+2	4,114288E+1
7,028870E+2	4,117456E+1
7,038870E+2	4,118442E+1
7,048870E+2	4,116506E+1
7,058870E+2	4,112833E+1
7,068870E+2	4,114607E+1
7,078870E+2	4,116114E+1
7,088870E+2	4,118195E+1
7,098870E+2	4,118632E+1
7,108870E+2	4,122619E+1
7,118870E+2	4,124284E+1
7,128870E+2	4,123917E+1
7,138870E+2	4,117454E+1
7,148870E+2	4,119906E+1
7,158870E+2	4,122328E+1
7,168870E+2	4,122133E+1
7,178870E+2	4,120411E+1
7,188870E+2	4,116295E+1
7,198870E+2	4,114109E+1
7,208870E+2	4,116998E+1
7,218870E+2	4,117835E+1
7,228870E+2	4,120584E+1
7,238870E+2	4,121388E+1
7,248870E+2	4,120376E+1
7,258870E+2	4,116450E+1
7,268870E+2	4,119420E+1
7,278870E+2	4,119792E+1
7,288870E+2	4,115682E+1
7,298870E+2	4,114435E+1
7,308870E+2	4,114788E+1
7,318870E+2	4,118193E+1
7,328870E+2	4,119372E+1
7,338870E+2	4,120041E+1
7,348870E+2	4,121581E+1
7,358870E+2	4,117769E+1
7,368870E+2	4,118949E+1
7,378870E+2	4,118810E+1
7,388870E+2	4,118929E+1
7,398870E+2	4,117861E+1
7,408870E+2	4,118769E+1
7,418870E+2	4,120185E+1
7,428870E+2	4,123493E+1
7,438870E+2	4,125244E+1
7,448870E+2	4,123533E+1
7,458870E+2	4,121630E+1
7,468870E+2	4,120956E+1
7,478870E+2	4,118920E+1
7,488870E+2	4,118793E+1
7,498870E+2	4,121834E+1
7,508870E+2	4,120906E+1
7,518870E+2	4,122160E+1
7,528870E+2	4,123422E+1
7,538870E+2	4,120694E+1
7,548870E+2	4,121614E+1
7,558870E+2	4,121083E+1
7,568870E+2	4,120761E+1
7,578870E+2	4,119186E+1
7,588870E+2	4,116843E+1
7,598870E+2	4,118219E+1
7,608870E+2	4,118737E+1
7,618870E+2	4,119908E+1
7,628870E+2	4,116110E+1
7,638870E+2	4,115766E+1
7,648870E+2	4,115558E+1
7,658870E+2	4,118001E+1
7,668870E+2	4,120400E+1
7,678870E+2	4,121304E+1
7,688870E+2	4,118577E+1
7,698870E+2	4,121561E+1
7,708870E+2	4,120626E+1
7,718870E+2	4,120248E+1
7,728870E+2	4,118156E+1
7,738870E+2	4,118455E+1
7,748870E+2	4,119923E+1
7,758870E+2	4,118967E+1
7,768870E+2	4,118859E+1
7,778870E+2	4,119139E+1
7,788870E+2	4,123447E+1
7,798870E+2	4,121630E+1
7,808870E+2	4,122195E+1
7,818870E+2	4,119697E+1
7,828870E+2	4,117375E+1
7,838870E+2	4,118338E+1
7,848870E+2	4,120968E+1
7,858870E+2	4,121264E+1
7,868870E+2	4,121846E+1
7,878870E+2	4,118235E+1
7,888870E+2	4,120043E+1
7,898870E+2	4,119818E+1
7,908870E+2	4,120582E+1
7,918870E+2	4,120057E+1
7,928870E+2	4,117511E+1
7,938870E+2	4,120374E+1
7,948870E+2	4,117474E+1
7,958870E+2	4,117925E+1
7,968870E+2	4,118085E+1
7,978870E+2	4,118773E+1
7,988870E+2	4,122232E+1
7,998870E+2	4,116284E+1
8,008870E+2	4,115052E+1
8,018870E+2	4,113439E+1
8,028870E+2	4,110710E+1
8,038870E+2	4,114815E+1
8,048870E+2	4,114559E+1
8,058870E+2	4,113819E+1
8,068870E+2	4,115551E+1
8,078870E+2	4,112962E+1
8,088870E+2	4,114689E+1
8,098870E+2	4,118848E+1
8,108870E+2	4,115370E+1
8,118870E+2	4,110251E+1
8,128870E+2	4,113373E+1
8,138870E+2	4,113017E+1
8,148870E+2	4,114256E+1
8,158870E+2	4,116213E+1
8,168870E+2	4,115079E+1
8,178870E+2	4,115342E+1
8,188870E+2	4,115770E+1
8,198870E+2	4,116710E+1
8,208870E+2	4,118206E+1
8,218870E+2	4,116965E+1
8,228870E+2	4,117194E+1
8,238870E+2	4,114159E+1
8,248870E+2	4,111300E+1
8,258870E+2	4,106656E+1
8,268870E+2	4,110867E+1
8,278870E+2	4,117733E+1
8,288870E+2	4,119047E+1
8,298870E+2	4,120203E+1
8,308870E+2	4,119570E+1
8,318870E+2	4,118530E+1
8,328870E+2	4,117982E+1
8,338870E+2	4,118073E+1
8,348870E+2	4,120331E+1
8,358870E+2	4,120748E+1
8,368870E+2	4,115981E+1
8,378870E+2	4,116195E+1
8,388870E+2	4,112881E+1
8,398870E+2	4,115356E+1
8,408870E+2	4,115476E+1
8,418870E+2	4,110957E+1
8,428870E+2	4,109900E+1
8,438870E+2	4,112888E+1
8,448870E+2	4,112672E+1
8,458870E+2	4,112876E+1
8,468870E+2	4,110735E+1
8,478870E+2	4,111354E+1
8,488870E+2	4,112156E+1
8,498870E+2	4,111407E+1
8,508870E+2	4,113511E+1
8,518870E+2	4,112225E+1
8,528870E+2	4,116141E+1
8,538870E+2	4,113817E+1
8,548870E+2	4,111839E+1
8,558870E+2	4,111862E+1
8,568870E+2	4,110770E+1
8,578870E+2	4,115435E+1
8,588870E+2	4,117190E+1
8,598870E+2	4,114628E+1
8,608870E+2	4,117270E+1
8,618870E+2	4,112889E+1
8,628870E+2	4,112855E+1
8,638870E+2	4,111996E+1
8,648870E+2	4,110226E+1
8,658870E+2	4,109724E+1
8,668870E+2	4,110738E+1
8,678870E+2	4,111729E+1
8,688870E+2	4,106678E+1
8,698870E+2	4,108722E+1
8,708870E+2	4,109034E+1
8,718870E+2	4,107412E+1
8,728870E+2	4,111490E+1
8,738870E+2	4,110774E+1
8,748870E+2	4,111668E+1
8,758870E+2	4,110137E+1
8,768870E+2	4,113162E+1
8,778870E+2	4,112305E+1
8,788870E+2	4,115413E+1
8,798870E+2	4,115718E+1
8,808870E+2	4,113017E+1
8,818870E+2	4,116435E+1
8,828870E+2	4,116666E+1
8,838870E+2	4,113757E+1
8,848870E+2	4,111637E+1
8,858870E+2	4,113635E+1
8,868870E+2	4,112552E+1
8,878870E+2	4,113102E+1
8,888870E+2	4,114513E+1
8,898870E+2	4,111766E+1
8,908870E+2	4,111077E+1
8,918870E+2	4,110671E+1
8,928870E+2	4,113260E+1
8,938870E+2	4,118671E+1
8,948870E+2	4,115311E+1
8,958870E+2	4,116087E+1
8,968870E+2	4,112184E+1
8,978870E+2	4,112469E+1
8,988870E+2	4,111376E+1
8,998870E+2	4,112512E+1
9,008870E+2	4,111407E+1
