Zeit / s	Temperatur / °C
4,820000E-1	7,053459E+1
1,482000E+0	7,054370E+1
2,482000E+0	7,045843E+1
3,482000E+0	7,031495E+1
4,482000E+0	7,022544E+1
5,482000E+0	7,015171E+1
6,482000E+0	7,010669E+1
7,482000E+0	7,009988E+1
8,482000E+0	7,003452E+1
9,482000E+0	7,000514E+1
1,048200E+1	6,993762E+1
1,148200E+1	6,988685E+1
1,248200E+1	6,979826E+1
1,348200E+1	6,975183E+1
1,448200E+1	6,970731E+1
1,548200E+1	6,968916E+1
1,648200E+1	6,968483E+1
1,748200E+1	6,964603E+1
1,848200E+1	6,961850E+1
1,948200E+1	6,959724E+1
2,048200E+1	6,963978E+1
2,148200E+1	6,961451E+1
2,248200E+1	6,960192E+1
2,348200E+1	6,959530E+1
2,448200E+1	6,957605E+1
2,548200E+1	6,958548E+1
2,648200E+1	6,955022E+1
2,748200E+1	6,961019E+1
2,848200E+1	6,963484E+1
2,948200E+1	6,964027E+1
3,048200E+1	6,957674E+1
3,148200E+1	6,958786E+1
3,248200E+1	6,952401E+1
3,348200E+1	6,948291E+1
3,448200E+1	6,947555E+1
3,548200E+1	6,946324E+1
3,648200E+1	6,949670E+1
3,748200E+1	6,948458E+1
3,848200E+1	6,950358E+1
3,948200E+1	6,948470E+1
4,048200E+1	6,940083E+1
4,148200E+1	6,940524E+1
4,248200E+1	6,930126E+1
4,348200E+1	6,925081E+1
4,448200E+1	6,917475E+1
4,548200E+1	6,914078E+1
4,648200E+1	6,913548E+1
4,748200E+1	6,905308E+1
4,848200E+1	6,899947E+1
4,948200E+1	6,894009E+1
5,048200E+1	6,886959E+1
5,148200E+1	6,884323E+1
5,248200E+1	6,876009E+1
5,348200E+1	6,871681E+1
5,448200E+1	6,866909E+1
5,548200E+1	6,857581E+1
5,648200E+1	6,855179E+1
5,748200E+1	6,852977E+1
5,848200E+1	6,853660E+1
5,948200E+1	6,855207E+1
6,048200E+1	6,851498E+1
6,148200E+1	6,845325E+1
6,248200E+1	6,847421E+1
6,348200E+1	6,850258E+1
6,448200E+1	6,847456E+1
6,548200E+1	6,844332E+1
6,648200E+1	6,845273E+1
6,748200E+1	6,844589E+1
6,848200E+1	6,842721E+1
6,948200E+1	6,840976E+1
7,048200E+1	6,837714E+1
7,148200E+1	6,838244E+1
7,248200E+1	6,836901E+1
7,348200E+1	6,836589E+1
7,448200E+1	6,834150E+1
7,548200E+1	6,833620E+1
7,648200E+1	6,834077E+1
7,748200E+1	6,830184E+1
7,848200E+1	6,827509E+1
7,948200E+1	6,827728E+1
8,048200E+1	6,829626E+1
8,148200E+1	6,828335E+1
8,248200E+1	6,829920E+1
8,348200E+1	6,828991E+1
8,448200E+1	6,825922E+1
8,548200E+1	6,822702E+1
8,648200E+1	6,818591E+1
8,748200E+1	6,817137E+1
8,848200E+1	6,814191E+1
8,948200E+1	6,816177E+1
9,048200E+1	6,816641E+1
9,148200E+1	6,813812E+1
9,248200E+1	6,811200E+1
9,348200E+1	6,812765E+1
9,448200E+1	6,809508E+1
9,548200E+1	6,807731E+1
9,648200E+1	6,804281E+1
9,748200E+1	6,807514E+1
9,848200E+1	6,811129E+1
9,948200E+1	6,806330E+1
1,004820E+2	6,803590E+1
1,014820E+2	6,796675E+1
1,024820E+2	6,790304E+1
1,034820E+2	6,789694E+1
1,044820E+2	6,784045E+1
1,054820E+2	6,783861E+1
1,064820E+2	6,780381E+1
1,074820E+2	6,782636E+1
1,084820E+2	6,778905E+1
1,094820E+2	6,779767E+1
1,104820E+2	6,774772E+1
1,114820E+2	6,776027E+1
1,124820E+2	6,772865E+1
1,134820E+2	6,761875E+1
1,144820E+2	6,756204E+1
1,154820E+2	6,755710E+1
1,164820E+2	6,755146E+1
1,174820E+2	6,757571E+1
1,184820E+2	6,755601E+1
1,194820E+2	6,755783E+1
1,204820E+2	6,753372E+1
1,214820E+2	6,750770E+1
1,224820E+2	6,749878E+1
1,234820E+2	6,748287E+1
1,244820E+2	6,745672E+1
1,254820E+2	6,747201E+1
1,264820E+2	6,744478E+1
1,274820E+2	6,741072E+1
1,284820E+2	6,738746E+1
1,294820E+2	6,738464E+1
1,304820E+2	6,736766E+1
1,314820E+2	6,731981E+1
1,324820E+2	6,729363E+1
1,334820E+2	6,724590E+1
1,344820E+2	6,717995E+1
1,354820E+2	6,721774E+1
1,364820E+2	6,721982E+1
1,374820E+2	6,718978E+1
1,384820E+2	6,718906E+1
1,394820E+2	6,714637E+1
1,404820E+2	6,714114E+1
1,414820E+2	6,715411E+1
1,424820E+2	6,716977E+1
1,434820E+2	6,715921E+1
1,444820E+2	6,711668E+1
1,454820E+2	6,710660E+1
1,464820E+2	6,712338E+1
1,474820E+2	6,711459E+1
1,484820E+2	6,711847E+1
1,494820E+2	6,708041E+1
1,504820E+2	6,703541E+1
1,514820E+2	6,702454E+1
1,524820E+2	6,703106E+1
1,534820E+2	6,697302E+1
1,544820E+2	6,697009E+1
1,554820E+2	6,701260E+1
1,564820E+2	6,699714E+1
1,574820E+2	6,696985E+1
1,584820E+2	6,698613E+1
1,594820E+2	6,699595E+1
1,604820E+2	6,699472E+1
1,614820E+2	6,696838E+1
1,624820E+2	6,693369E+1
1,634820E+2	6,692601E+1
1,644820E+2	6,690693E+1
1,654820E+2	6,690042E+1
1,664820E+2	6,691881E+1
1,674820E+2	6,692053E+1
1,684820E+2	6,689593E+1
1,694820E+2	6,684765E+1
1,704820E+2	6,682739E+1
1,714820E+2	6,681800E+1
1,724820E+2	6,676992E+1
1,734820E+2	6,675999E+1
1,744820E+2	6,674088E+1
1,754820E+2	6,670870E+1
1,764820E+2	6,671996E+1
1,774820E+2	6,672184E+1
1,784820E+2	6,670221E+1
1,794820E+2	6,668401E+1
1,804820E+2	6,668144E+1
1,814820E+2	6,667303E+1
1,824820E+2	6,666938E+1
1,834820E+2	6,662806E+1
1,844820E+2	6,661265E+1
1,854820E+2	6,658234E+1
1,864820E+2	6,658897E+1
1,874820E+2	6,658773E+1
1,884820E+2	6,656427E+1
1,894820E+2	6,656107E+1
1,904820E+2	6,653870E+1
1,914820E+2	6,650665E+1
1,924820E+2	6,650790E+1
1,934820E+2	6,650809E+1
1,944820E+2	6,650682E+1
1,954820E+2	6,646281E+1
1,964820E+2	6,646772E+1
1,974820E+2	6,643934E+1
1,984820E+2	6,642005E+1
1,994820E+2	6,641280E+1
2,004820E+2	6,646087E+1
2,014820E+2	6,641561E+1
2,024820E+2	6,635764E+1
2,034820E+2	6,635803E+1
2,044820E+2	6,633349E+1
2,054820E+2	6,635348E+1
2,064820E+2	6,630231E+1
2,074820E+2	6,627711E+1
2,084820E+2	6,623602E+1
2,094820E+2	6,622551E+1
2,104820E+2	6,623958E+1
2,114820E+2	6,623298E+1
2,124820E+2	6,620673E+1
2,134820E+2	6,618398E+1
2,144820E+2	6,617694E+1
2,154820E+2	6,618889E+1
2,164820E+2	6,615342E+1
2,174820E+2	6,616650E+1
2,184820E+2	6,613518E+1
2,194820E+2	6,605801E+1
2,204820E+2	6,606841E+1
2,214820E+2	6,603852E+1
2,224820E+2	6,605859E+1
2,234820E+2	6,601055E+1
2,244820E+2	6,596068E+1
2,254820E+2	6,595932E+1
2,264820E+2	6,591126E+1
2,274820E+2	6,596198E+1
2,284820E+2	6,596642E+1
2,294820E+2	6,597938E+1
2,304820E+2	6,596971E+1
2,314820E+2	6,593654E+1
2,324820E+2	6,588753E+1
2,334820E+2	6,586406E+1
2,344820E+2	6,584309E+1
2,354820E+2	6,582901E+1
2,364820E+2	6,586873E+1
2,374820E+2	6,586571E+1
2,384820E+2	6,585154E+1
2,394820E+2	6,581103E+1
2,404820E+2	6,581784E+1
2,414820E+2	6,582951E+1
2,424820E+2	6,582518E+1
2,434820E+2	6,581925E+1
2,444820E+2	6,578790E+1
2,454820E+2	6,576940E+1
2,464820E+2	6,573996E+1
2,474820E+2	6,573975E+1
2,484820E+2	6,575169E+1
2,494820E+2	6,574340E+1
2,504820E+2	6,572879E+1
2,514820E+2	6,569836E+1
2,524820E+2	6,567932E+1
2,534820E+2	6,570572E+1
2,544820E+2	6,566116E+1
2,554820E+2	6,566338E+1
2,564820E+2	6,566768E+1
2,574820E+2	6,569370E+1
2,584820E+2	6,569620E+1
2,594820E+2	6,568995E+1
2,604820E+2	6,565719E+1
2,614820E+2	6,566997E+1
2,624820E+2	6,565600E+1
2,634820E+2	6,560663E+1
2,644820E+2	6,563097E+1
2,654820E+2	6,560958E+1
2,664820E+2	6,560751E+1
2,674820E+2	6,558146E+1
2,684820E+2	6,561840E+1
2,694820E+2	6,556191E+1
2,704820E+2	6,557426E+1
2,714820E+2	6,557261E+1
2,724820E+2	6,553596E+1
2,734820E+2	6,551704E+1
2,744820E+2	6,552479E+1
2,754820E+2	6,549245E+1
2,764820E+2	6,550937E+1
2,774820E+2	6,551804E+1
2,784820E+2	6,555914E+1
2,794820E+2	6,551922E+1
2,804820E+2	6,553385E+1
2,814820E+2	6,554779E+1
2,824820E+2	6,551692E+1
2,834820E+2	6,554074E+1
2,844820E+2	6,551061E+1
2,854820E+2	6,548407E+1
2,864820E+2	6,550111E+1
2,874820E+2	6,552783E+1
2,884820E+2	6,548205E+1
2,894820E+2	6,548783E+1
2,904820E+2	6,545687E+1
2,914820E+2	6,546071E+1
2,924820E+2	6,547018E+1
2,934820E+2	6,547417E+1
2,944820E+2	6,549099E+1
2,954820E+2	6,545750E+1
2,964820E+2	6,546831E+1
2,974820E+2	6,547669E+1
2,984820E+2	6,546098E+1
2,994820E+2	6,547828E+1
3,004820E+2	6,550868E+1
3,014820E+2	6,548149E+1
3,024820E+2	6,546961E+1
3,034820E+2	6,536625E+1
3,044820E+2	6,535060E+1
3,054820E+2	6,531917E+1
3,064820E+2	6,533716E+1
3,074820E+2	6,536058E+1
3,084820E+2	6,534118E+1
3,094820E+2	6,530538E+1
3,104820E+2	6,527341E+1
3,114820E+2	6,525576E+1
3,124820E+2	6,528784E+1
3,134820E+2	6,528410E+1
3,144820E+2	6,529069E+1
3,154820E+2	6,530703E+1
3,164820E+2	6,529178E+1
3,174820E+2	6,526341E+1
3,184820E+2	6,522291E+1
3,194820E+2	6,521444E+1
3,204820E+2	6,520743E+1
3,214820E+2	6,524488E+1
3,224820E+2	6,525018E+1
3,234820E+2	6,523822E+1
3,244820E+2	6,525170E+1
3,254820E+2	6,519411E+1
3,264820E+2	6,517720E+1
3,274820E+2	6,518308E+1
3,284820E+2	6,519268E+1
3,294820E+2	6,519362E+1
3,304820E+2	6,513614E+1
3,314820E+2	6,516430E+1
3,324820E+2	6,516117E+1
3,334820E+2	6,514579E+1
3,344820E+2	6,512837E+1
3,354820E+2	6,514531E+1
3,364820E+2	6,514546E+1
3,374820E+2	6,513690E+1
3,384820E+2	6,514783E+1
3,394820E+2	6,511847E+1
3,404820E+2	6,513079E+1
3,414820E+2	6,511587E+1
3,424820E+2	6,510659E+1
3,434820E+2	6,510088E+1
3,444820E+2	6,506613E+1
3,454820E+2	6,508105E+1
3,464820E+2	6,504683E+1
3,474820E+2	6,503700E+1
3,484820E+2	6,501187E+1
3,494820E+2	6,501042E+1
3,504820E+2	6,503865E+1
3,514820E+2	6,501543E+1
3,524820E+2	6,503035E+1
3,534820E+2	6,503899E+1
3,544820E+2	6,502873E+1
3,554820E+2	6,499415E+1
3,564820E+2	6,498217E+1
3,574820E+2	6,495626E+1
3,584820E+2	6,496287E+1
3,594820E+2	6,495986E+1
3,604820E+2	6,491618E+1
3,614820E+2	6,493294E+1
3,624820E+2	6,490716E+1
3,634820E+2	6,492885E+1
3,644820E+2	6,491700E+1
3,654820E+2	6,490305E+1
3,664820E+2	6,485210E+1
3,674820E+2	6,485843E+1
3,684820E+2	6,484600E+1
3,694820E+2	6,487557E+1
3,704820E+2	6,484190E+1
3,714820E+2	6,486325E+1
3,724820E+2	6,484802E+1
3,734820E+2	6,484881E+1
3,744820E+2	6,482256E+1
3,754820E+2	6,485316E+1
3,764820E+2	6,486419E+1
3,774820E+2	6,483747E+1
3,784820E+2	6,482871E+1
3,794820E+2	6,477815E+1
3,804820E+2	6,477506E+1
3,814820E+2	6,475455E+1
3,824820E+2	6,478530E+1
3,834820E+2	6,475273E+1
3,844820E+2	6,476528E+1
3,854820E+2	6,474951E+1
3,864820E+2	6,473675E+1
3,874820E+2	6,473508E+1
3,884820E+2	6,471642E+1
3,894820E+2	6,471768E+1
3,904820E+2	6,470530E+1
3,914820E+2	6,467905E+1
3,924820E+2	6,466987E+1
3,934820E+2	6,467744E+1
3,944820E+2	6,466404E+1
3,954820E+2	6,468992E+1
3,964820E+2	6,466277E+1
3,974820E+2	6,462457E+1
3,984820E+2	6,463376E+1
3,994820E+2	6,464604E+1
4,004820E+2	6,460720E+1
4,014820E+2	6,460197E+1
4,024820E+2	6,462417E+1
4,034820E+2	6,461270E+1
4,044820E+2	6,458071E+1
4,054820E+2	6,457729E+1
4,064820E+2	6,455579E+1
4,074820E+2	6,451963E+1
4,084820E+2	6,452933E+1
4,094820E+2	6,451218E+1
4,104820E+2	6,453392E+1
4,114820E+2	6,459134E+1
4,124820E+2	6,451463E+1
4,134820E+2	6,450759E+1
4,144820E+2	6,445883E+1
4,154820E+2	6,448276E+1
4,164820E+2	6,443183E+1
4,174820E+2	6,446698E+1
4,184820E+2	6,451796E+1
4,194820E+2	6,262490E+1
4,204820E+2	4,670682E+1
4,214820E+2	3,326244E+1
4,224820E+2	4,982677E+1
4,234820E+2	5,690762E+1
4,244820E+2	5,568209E+1
4,254820E+2	5,409871E+1
4,264820E+2	5,272667E+1
4,274820E+2	5,322286E+1
4,284820E+2	5,233083E+1
4,294820E+2	5,188865E+1
4,304820E+2	5,156534E+1
4,314820E+2	5,154223E+1
4,324820E+2	5,152362E+1
4,334820E+2	5,149171E+1
4,344820E+2	5,151741E+1
4,354820E+2	5,155043E+1
4,364820E+2	5,151066E+1
4,374820E+2	5,155103E+1
4,384820E+2	5,156805E+1
4,394820E+2	5,154941E+1
4,404820E+2	5,152609E+1
4,414820E+2	5,150666E+1
4,424820E+2	5,149325E+1
4,434820E+2	5,150644E+1
4,444820E+2	5,150800E+1
4,454820E+2	5,147959E+1
4,464820E+2	5,146486E+1
4,474820E+2	5,147385E+1
4,484820E+2	5,145806E+1
4,494820E+2	5,148166E+1
4,504820E+2	5,149249E+1
4,514820E+2	5,149010E+1
4,524820E+2	5,146704E+1
4,534820E+2	5,145645E+1
4,544820E+2	5,141964E+1
4,554820E+2	5,144263E+1
4,564820E+2	5,144950E+1
4,574820E+2	5,144418E+1
4,584820E+2	5,147545E+1
4,594820E+2	5,146146E+1
4,604820E+2	5,146951E+1
4,614820E+2	5,147349E+1
4,624820E+2	5,141056E+1
4,634820E+2	5,139253E+1
4,644820E+2	5,141174E+1
4,654820E+2	5,140222E+1
4,664820E+2	5,141071E+1
4,674820E+2	5,143255E+1
4,684820E+2	5,140765E+1
4,694820E+2	5,140339E+1
4,704820E+2	5,143947E+1
4,714820E+2	5,142060E+1
4,724820E+2	5,143595E+1
4,734820E+2	5,143004E+1
4,744820E+2	5,141936E+1
4,754820E+2	5,144066E+1
4,764820E+2	5,148470E+1
4,774820E+2	5,146729E+1
4,784820E+2	5,142240E+1
4,794820E+2	5,138180E+1
4,804820E+2	5,134679E+1
4,814820E+2	5,135266E+1
4,824820E+2	5,137858E+1
4,834820E+2	5,141747E+1
4,844820E+2	5,138732E+1
4,854820E+2	5,135055E+1
4,864820E+2	5,138243E+1
4,874820E+2	5,135300E+1
4,884820E+2	5,136160E+1
4,894820E+2	5,135393E+1
4,904820E+2	5,140643E+1
4,914820E+2	5,137435E+1
4,924820E+2	5,142424E+1
4,934820E+2	5,139441E+1
4,944820E+2	5,134794E+1
4,954820E+2	5,138485E+1
4,964820E+2	5,139827E+1
4,974820E+2	5,139348E+1
4,984820E+2	5,138665E+1
4,994820E+2	5,135207E+1
5,004820E+2	5,134693E+1
5,014820E+2	5,133832E+1
5,024820E+2	5,135179E+1
5,034820E+2	5,135925E+1
5,044820E+2	5,135813E+1
5,054820E+2	5,134449E+1
5,064820E+2	5,131938E+1
5,074820E+2	5,128253E+1
5,084820E+2	5,128862E+1
5,094820E+2	5,129356E+1
5,104820E+2	5,129287E+1
5,114820E+2	5,129873E+1
5,124820E+2	5,130526E+1
5,134820E+2	5,128866E+1
5,144820E+2	5,125792E+1
5,154820E+2	5,128462E+1
5,164820E+2	5,135340E+1
5,174820E+2	5,133672E+1
5,184820E+2	5,131926E+1
5,194820E+2	5,130723E+1
5,204820E+2	5,129885E+1
5,214820E+2	5,128209E+1
5,224820E+2	5,128365E+1
5,234820E+2	5,129543E+1
5,244820E+2	5,127949E+1
5,254820E+2	5,129851E+1
5,264820E+2	5,125969E+1
5,274820E+2	5,125111E+1
5,284820E+2	5,127218E+1
5,294820E+2	5,130540E+1
5,304820E+2	5,128440E+1
5,314820E+2	5,128404E+1
5,324820E+2	5,128204E+1
5,334820E+2	5,130896E+1
5,344820E+2	5,130082E+1
5,354820E+2	5,131186E+1
5,364820E+2	5,126910E+1
5,374820E+2	5,127900E+1
5,384820E+2	5,128944E+1
5,394820E+2	5,126051E+1
5,404820E+2	5,123323E+1
5,414820E+2	5,121083E+1
5,424820E+2	5,121165E+1
5,434820E+2	5,122974E+1
5,444820E+2	5,124790E+1
5,454820E+2	5,126078E+1
5,464820E+2	5,120228E+1
5,474820E+2	5,120612E+1
5,484820E+2	5,124678E+1
5,494820E+2	5,125686E+1
5,504820E+2	5,124941E+1
5,514820E+2	5,122423E+1
5,524820E+2	5,119517E+1
5,534820E+2	5,118154E+1
5,544820E+2	5,118740E+1
5,554820E+2	5,118610E+1
5,564820E+2	5,123881E+1
5,574820E+2	5,124123E+1
5,584820E+2	5,124554E+1
5,594820E+2	5,127712E+1
5,604820E+2	5,124300E+1
5,614820E+2	5,120237E+1
5,624820E+2	5,119709E+1
5,634820E+2	5,122098E+1
5,644820E+2	5,122367E+1
5,654820E+2	5,120950E+1
5,664820E+2	5,121124E+1
5,674820E+2	5,120639E+1
5,684820E+2	5,120221E+1
5,694820E+2	5,118596E+1
5,704820E+2	5,116817E+1
5,714820E+2	5,113781E+1
5,724820E+2	5,113549E+1
5,734820E+2	5,117478E+1
5,744820E+2	5,115464E+1
5,754820E+2	5,117689E+1
5,764820E+2	5,115068E+1
5,774820E+2	5,113352E+1
5,784820E+2	5,114075E+1
5,794820E+2	5,115656E+1
5,804820E+2	5,119200E+1
5,814820E+2	5,117794E+1
5,824820E+2	5,118260E+1
5,834820E+2	5,119079E+1
5,844820E+2	5,116100E+1
5,854820E+2	5,116341E+1
5,864820E+2	5,112783E+1
5,874820E+2	5,117653E+1
5,884820E+2	5,117363E+1
5,894820E+2	5,114380E+1
5,904820E+2	5,111389E+1
5,914820E+2	5,109899E+1
5,924820E+2	5,109153E+1
5,934820E+2	5,108954E+1
5,944820E+2	5,107049E+1
5,954820E+2	5,105673E+1
5,964820E+2	5,107145E+1
5,974820E+2	5,104438E+1
5,984820E+2	5,106836E+1
5,994820E+2	5,107034E+1
6,004820E+2	5,105154E+1
6,014820E+2	5,105267E+1
6,024820E+2	5,102833E+1
6,034820E+2	5,100385E+1
6,044820E+2	5,101677E+1
6,054820E+2	5,099267E+1
6,064820E+2	5,100854E+1
6,074820E+2	5,099495E+1
6,084820E+2	5,095185E+1
6,094820E+2	5,097708E+1
6,104820E+2	5,094940E+1
6,114820E+2	5,097207E+1
6,124820E+2	5,100424E+1
6,134820E+2	5,095978E+1
6,144820E+2	5,094620E+1
6,154820E+2	5,097970E+1
6,164820E+2	5,095559E+1
6,174820E+2	5,094141E+1
6,184820E+2	5,096695E+1
6,194820E+2	5,095400E+1
6,204820E+2	5,095559E+1
6,214820E+2	5,098533E+1
6,224820E+2	5,093397E+1
6,234820E+2	5,094253E+1
6,244820E+2	5,094314E+1
6,254820E+2	5,093372E+1
6,264820E+2	5,098819E+1
6,274820E+2	5,097057E+1
6,284820E+2	5,091577E+1
6,294820E+2	5,090324E+1
6,304820E+2	5,090330E+1
6,314820E+2	5,092188E+1
6,324820E+2	5,089079E+1
6,334820E+2	5,090629E+1
6,344820E+2	5,090557E+1
6,354820E+2	5,091161E+1
6,364820E+2	5,088861E+1
6,374820E+2	5,086954E+1
6,384820E+2	5,086523E+1
6,394820E+2	5,091842E+1
6,404820E+2	5,087025E+1
6,414820E+2	5,087827E+1
6,424820E+2	5,087861E+1
6,434820E+2	5,086155E+1
6,444820E+2	5,088762E+1
6,454820E+2	5,090557E+1
6,464820E+2	5,086155E+1
6,474820E+2	5,085684E+1
6,484820E+2	5,089434E+1
6,494820E+2	5,088635E+1
6,504820E+2	5,088362E+1
6,514820E+2	5,090344E+1
6,524820E+2	5,087608E+1
6,534820E+2	5,082156E+1
6,544820E+2	5,085288E+1
6,554820E+2	5,080694E+1
6,564820E+2	5,078483E+1
6,574820E+2	5,078967E+1
6,584820E+2	5,080674E+1
6,594820E+2	5,078618E+1
6,604820E+2	5,083298E+1
6,614820E+2	5,081008E+1
6,624820E+2	5,078733E+1
6,634820E+2	5,080648E+1
6,644820E+2	5,077811E+1
6,654820E+2	5,074255E+1
6,664820E+2	5,080078E+1
6,674820E+2	5,079523E+1
6,684820E+2	5,082714E+1
6,694820E+2	5,080784E+1
6,704820E+2	5,077647E+1
6,714820E+2	5,076383E+1
6,724820E+2	5,077394E+1
6,734820E+2	5,075073E+1
6,744820E+2	5,074621E+1
6,754820E+2	5,075700E+1
6,764820E+2	5,075463E+1
6,774820E+2	5,074707E+1
6,784820E+2	5,073916E+1
6,794820E+2	5,071473E+1
6,804820E+2	5,072841E+1
6,814820E+2	5,070353E+1
6,824820E+2	5,067175E+1
6,834820E+2	5,067986E+1
6,844820E+2	5,063268E+1
6,854820E+2	5,062620E+1
6,864820E+2	5,061196E+1
6,874820E+2	5,063016E+1
6,884820E+2	5,061167E+1
6,894820E+2	5,062631E+1
6,904820E+2	5,062776E+1
6,914820E+2	5,061280E+1
6,924820E+2	5,062479E+1
6,934820E+2	5,061704E+1
6,944820E+2	5,059892E+1
6,954820E+2	5,058187E+1
6,964820E+2	5,059160E+1
6,974820E+2	5,058492E+1
6,984820E+2	5,059325E+1
6,994820E+2	5,058302E+1
7,004820E+2	5,059245E+1
7,014820E+2	5,058366E+1
7,024820E+2	5,053967E+1
7,034820E+2	5,055321E+1
7,044820E+2	5,055299E+1
7,054820E+2	5,054942E+1
7,064820E+2	5,054291E+1
7,074820E+2	5,053478E+1
7,084820E+2	5,056206E+1
7,094820E+2	5,054677E+1
7,104820E+2	5,052444E+1
7,114820E+2	5,053887E+1
7,124820E+2	5,053535E+1
7,134820E+2	5,046890E+1
7,144820E+2	5,049942E+1
7,154820E+2	5,046844E+1
7,164820E+2	5,044001E+1
7,174820E+2	5,045306E+1
7,184820E+2	5,048315E+1
7,194820E+2	5,048595E+1
7,204820E+2	5,046719E+1
7,214820E+2	5,045606E+1
7,224820E+2	5,045540E+1
7,234820E+2	5,045359E+1
7,244820E+2	5,045363E+1
7,254820E+2	5,044388E+1
7,264820E+2	5,044164E+1
7,274820E+2	5,047608E+1
7,284820E+2	5,043937E+1
7,294820E+2	5,042405E+1
7,304820E+2	5,047193E+1
7,314820E+2	5,047276E+1
7,324820E+2	5,044246E+1
7,334820E+2	5,042019E+1
7,344820E+2	5,043741E+1
7,354820E+2	5,047087E+1
7,364820E+2	5,043570E+1
7,374820E+2	5,042920E+1
7,384820E+2	5,042230E+1
7,394820E+2	5,042558E+1
7,404820E+2	5,036625E+1
7,414820E+2	5,039690E+1
7,424820E+2	5,041292E+1
7,434820E+2	5,040724E+1
7,444820E+2	5,038246E+1
7,454820E+2	5,034906E+1
7,464820E+2	5,033797E+1
7,474820E+2	5,036480E+1
7,484820E+2	5,031500E+1
7,494820E+2	5,035076E+1
7,504820E+2	5,034924E+1
